gridCalculator/out/production/gridCalculator/aspect.asc
ncols	218
nrows	236
xllcorner	466515.47101027
yllcorner	2626221.2241437
cellsize	90.0
NODATA_VALUE	-9999
[rows 69 to 91 of 236, columns 104 to 155 of 218]
167.15229514128234 183.97673097507757 196.2252753611782 171.86989764584405 143.20721641191815 179.14490260373327 208.393019421383 194.7827260426157 153.43494882292202 133.29018595585848 127.32552048310608 141.9810574068298 158.89516141507036 175.10090754621223 208.79622578510924 197.03776779562565 120.82193558529309 94.45117400288657 90.0 165.4655449194599 210.6997225508144 192.0947570770121 -9999.0 -9999.0 -9999.0 -9999.0 -9999.0 -9999.0 -9999.0 -9999.0 -9999.0 -9999.0 -9999.0 -9999.0 -9999.0 -9999.0 -9999.0 -9999.0 -9999.0 -9999.0 -9999.0 -9999.0 -9999.0 -9999.0 -9999.0 -9999.0 -9999.0 -9999.0 -9999.0 -9999.0 -9999.0 -9999.0
162.4928369515397 179.2654789657452 202.23499089248853 197.63178957111177 137.32153058983272 151.0490047925332 194.84545208208382 186.51242302928785 167.88737707401498 147.90740867126584 134.55238582913944 142.54942176826327 145.9111283842834 169.5483670560113 227.51687565693953 199.09349200048564 145.58732131823714 130.3999043337367 92.38594403038881 91.39718102729637 157.69379494509235 194.03624346792648 214.5085229876684 -9999.0 -9999.0 -9999.0 -9999.0 -9999.0 -9999.0 -9999.0 -9999.0 -9999.0 -9999.0 -9999.0 -9999.0 -9999.0 -9999.0 -9999.0 -9999.0 -9999.0 -9999.0 -9999.0 -9999.0 -9999.0 -9999.0 -9999.0 -9999.0 -9999.0 -9999.0 -9999.0 -9999.0 -9999.0
124.8753283446022 166.8907918018457 202.5430610000579 208.14160123226173 163.66395711028153 137.89126959622055 170.08347387909274 179.69029610004117 177.97863505964398 156.2864051136591 121.14858098619501 126.54497232282255 136.20604877921994 184.304468960508 236.43368126542669 183.91824886406738 133.02506598911802 153.72578784527255 137.43664824681014 101.52372170389734 99.92624550665171 165.57922687248902 221.18592516570965 -9999.0 -9999.0 -9999.0 -9999.0 -9999.0 -9999.0 -9999.0 -9999.0 -9999.0 -9999.0 -9999.0 -9999.0 -9999.0 -9999.0 -9999.0 -9999.0 -9999.0 -9999.0 -9999.0 -9999.0 -9999.0 -9999.0 -9999.0 -9999.0 -9999.0 -9999.0 -9999.0 -9999.0 -9999.0
67.93210043758978 82.14668669802178 174.17365797044422 197.17590361574676 175.7321066997092 143.13010235415598 146.30993247402023 170.0361958100928 187.43140797117252 189.7524249416538 143.13010235415598 119.98163936884933 116.80083494695461 180.90938044919915 213.5788137250007 185.4205952837624 144.35297925009326 155.97349342132082 160.2405292647868 140.88598783302825 143.13010235415598 145.7842978675626 156.80140948635182 180.0 -9999.0 -9999.0 -9999.0 -9999.0 -9999.0 -9999.0 -9999.0 -9999.0 -9999.0 -9999.0 -9999.0 -9999.0 -9999.0 -9999.0 -9999.0 -9999.0 -9999.0 -9999.0 -9999.0 -9999.0 -9999.0 -9999.0 -9999.0 -9999.0 -9999.0 -9999.0 -9999.0 -9999.0
122.82854179141253 111.21796957677863 133.99491399474581 177.33699923393286 183.3664606634298 138.17983011986422 129.6441749571448 151.42218749831528 181.36392753160294 198.43494882292202 173.4032617021058 142.3995946598871 109.6538240580533 109.72227776444706 175.10090754621223 189.52002186577414 177.13759477388825 154.50244850666223 135.81845546168861 138.77228360937983 166.5042667192042 162.37770277133174 176.53177074108285 199.65382405805332 164.74488129694222 -9999.0 -9999.0 -9999.0 -9999.0 -9999.0 -9999.0 -9999.0 -9999.0 -9999.0 -9999.0 -9999.0 -9999.0 -9999.0 -9999.0 -9999.0 -9999.0 -9999.0 -9999.0 -9999.0 -9999.0 -9999.0 -9999.0 -9999.0 -9999.0 -9999.0 -9999.0 -9999.0
154.732689499661 146.94417718844633 146.859779120948 180.53545898556456 199.29004621918875 134.0759546472273 114.20588504449636 118.0446869479748 158.6293777306568 203.74949449286677 183.31778116833485 170.61085243866876 178.19126067750796 128.9275435927923 105.64224645720873 167.79953127261922 196.65430637692333 190.7842978675626 110.13630342824814 92.24574256589507 131.26860300083956 165.25643716352926 180.0 160.27772223555297 151.50436138175502 171.46923439005187 229.3987053549955 135.0 -9999.0 -9999.0 -9999.0 -9999.0 -9999.0 -9999.0 -9999.0 -9999.0 -9999.0 -9999.0 -9999.0 -9999.0 -9999.0 -9999.0 -9999.0 -9999.0 -9999.0 -9999.0 -9999.0 -9999.0 -9999.0 -9999.0 -9999.0 -9999.0
164.3271794904568 146.95658424314914 139.54804240912543 192.9946167919165 208.2173558547293 145.06068979532296 119.74488129694222 101.30993247402021 113.19859051364818 185.85601358542897 184.63546342690265 185.64824737373527 185.5721978039638 170.21759296819272 133.3634229583833 133.49252458912378 191.72554223794762 221.5934753282719 171.38435181583588 94.4748965062461 105.36161631184866 143.13010235415598 166.10880882854514 156.52260010790707 135.0 190.30484646876602 185.98059952476348 150.94539590092285 159.44395478041653 -9999.0 -9999.0 -9999.0 -9999.0 -9999.0 -9999.0 -9999.0 -9999.0 -9999.0 -9999.0 -9999.0 -9999.0 -9999.0 -9999.0 -9999.0 -9999.0 -9999.0 -9999.0 -9999.0 -9999.0 -9999.0 -9999.0 -9999.0
190.00797980144137 147.52880770915152 130.29214775562778 206.56505117707798 219.8978347476418 141.00911060913603 137.28951169817762 95.5714381451628 80.21759296819272 109.59228189105153 172.30526357223482 198.06120621255064 176.34762222003314 168.69046821818293 159.56508211596326 127.27791559253818 173.2916298553132 226.46812307705878 191.94376140912703 130.12072621699326 103.86102756302115 93.91824886406738 124.69515353123397 165.96375653207355 132.51044707800085 154.65382405805332 169.5085229876684 159.72731438669013 183.69138598645128 153.43494882292202 258.69006752597977 -9999.0 -9999.0 -9999.0 -9999.0 -9999.0 -9999.0 -9999.0 -9999.0 -9999.0 -9999.0 -9999.0 -9999.0 -9999.0 -9999.0 -9999.0 -9999.0 -9999.0 -9999.0 -9999.0 -9999.0 -9999.0
200.37643521383637 158.9624889745782 149.40002130679105 234.46232220802563 223.69804732742114 135.00159159364142 86.18592516570965 64.85611386341897 75.96375653207352 81.70285503016312 93.99128318078085 183.81542697500126 171.0277605344442 164.42934255886385 220.59151853144024 16.702661064500873 39.4287813957793 187.425870500863 178.22735003336342 164.40718906073366 135.0 97.1250163489018 106.0040404858816 159.07549825507886 168.40782458970892 154.13364320590549 150.01836063115067 133.1523599540144 178.66774917471886 219.28932582064755 229.3987053549955 -9999.0 -9999.0 -9999.0 -9999.0 -9999.0 -9999.0 -9999.0 -9999.0 -9999.0 -9999.0 -9999.0 -9999.0 -9999.0 -9999.0 -9999.0 -9999.0 -9999.0 -9999.0 -9999.0 -9999.0 -9999.0
175.84083815895124 160.48891650360935 216.25367213959538 270.0 202.3801350519596 180.0022035990725 251.5535927852212 83.36895290975482 81.34745820888527 51.441600099335034 33.84503391672814 42.918361642683074 55.30874306494475 11.323169850645314 271.46014142924025 282.52408862249706 41.53166589660079 47.16219976018038 93.81478468345455 184.84400037508067 214.38034472384487 91.16913932790742 79.73485953978629 53.32565033042684 93.99091309842979 140.29008120537128 170.53767779197437 125.1815840192252 148.49573328079583 237.2244081748614 201.25050550713325 174.8055710922652 -9999.0 -9999.0 -9999.0 -9999.0 -9999.0 -9999.0 -9999.0 -9999.0 -9999.0 -9999.0 -9999.0 -9999.0 -9999.0 -9999.0 -9999.0 -9999.0 -9999.0 -9999.0 -9999.0 -9999.0
141.1166234888344 187.6960517220166 277.9894651226065 293.1985905136482 45.0 128.65980825409008 205.2011236454751 123.11134196037203 59.03624346792648 25.866356794094514 51.146625659646666 62.038026686437036 52.12677937733368 66.80931244327982 190.17383214741358 193.67130713219584 199.05770451012836 112.96377305985456 104.03624346792648 161.56505117707798 220.2363583092738 114.44395478041653 56.63363399894044 34.84573341979974 63.20848447058083 97.12457560777736 162.95054074220604 163.3690462932786 158.96322729751463 218.7731414479245 189.5829447235326 201.25050550713325 227.29061004263855 -9999.0 -9999.0 -9999.0 -9999.0 -9999.0 -9999.0 -9999.0 -9999.0 -9999.0 -9999.0 -9999.0 -9999.0 -9999.0 -9999.0 -9999.0 -9999.0 -9999.0 -9999.0 -9999.0
132.13745188451844 305.9805367559699 299.8588462116893 287.17590361574673 95.52754015165617 94.63546342690265 203.19859051364818 266.98721249581666 24.443954780416533 59.03624346792648 85.39990433373671 82.69424046668918 72.25532837494306 50.9061411137705 59.03624346792648 140.71087679401487 204.44460885825308 149.57314283613206 103.84069549165562 124.26037946089195 211.50646276133733 209.57682565228038 118.14160123226172 115.78732818281438 116.78290480217515 91.39720373705087 87.436229788535 149.92963409966305 172.87468981453304 221.90585847812065 213.6900675259798 222.9545915111128 240.94539590092285 263.99099404250546 -9999.0 -9999.0 -9999.0 -9999.0 -9999.0 -9999.0 -9999.0 -9999.0 -9999.0 -9999.0 -9999.0 -9999.0 -9999.0 -9999.0 -9999.0 -9999.0 -9999.0 -9999.0
287.17590361574673 290.48080984855454 228.01429112062928 192.72462042381412 178.53044637503896 147.0947570770121 155.22681605376445 217.50671672571647 196.5550716625455 103.78159723565362 87.9299693469589 89.29196464376926 92.59996321332994 10.306909009575435 48.81407483429035 74.05417166667696 195.94539590092285 153.4273098949609 86.68905848538856 91.57513317791201 214.51353890672192 244.76599165308448 138.17983011986422 112.79631691142467 131.05376276649986 80.36246188706906 67.50451653716172 80.8384083890972 225.0 279.8662274803145 303.6905082457945 320.19912482120094 267.45580275351716 270.0 -9999.0 -9999.0 -9999.0 -9999.0 -9999.0 -9999.0 -9999.0 -9999.0 -9999.0 -9999.0 -9999.0 -9999.0 -9999.0 -9999.0 -9999.0 -9999.0 -9999.0 -9999.0
291.68109943750153 256.42724797545725 155.28405999437803 192.144278049567 217.8736614170696 188.13010235415598 132.80154929020958 190.84075583265667 209.74146540965046 143.53076560994813 79.01934998982645 73.17822100143326 59.82647997035566 78.69447319913617 117.34987578006988 110.09607289849893 152.52744443979776 177.13623742811984 111.25050550713324 100.71525128990753 224.98567963551145 254.24516197966994 135.0 96.53223555471592 33.690067525979785 23.840969754353537 81.86989764584402 93.81475089766575 264.80040512171644 284.03561151756514 304.6940077760496 18.42731244025208 272.12261389258174 261.46923439005184 -9999.0 -9999.0 -9999.0 -9999.0 -9999.0 -9999.0 -9999.0 -9999.0 -9999.0 -9999.0 -9999.0 -9999.0 -9999.0 -9999.0 -9999.0 -9999.0 -9999.0 -9999.0
249.67686317033704 168.23171106797935 136.7374392302024 277.7626091932349 297.2157971464245 353.99099404250546 57.72378834430433 53.75609921042209 260.8328874398992 257.4711922908485 57.72435568542237 44.090605118385554 29.745468956510564 55.492502861746324 90.0 74.9315118405078 62.10272896905237 121.86597769360368 114.07549825507883 103.70906838860078 191.31433933318255 229.28398926244935 151.69749205340804 73.14215540667645 349.9022246574258 25.34708334630203 75.15454791791618 84.70761987342063 266.4379340564683 277.9464507001527 320.35016787117394 4.969955730932227 300.50096676133387 302.73522627210764 -9999.0 -9999.0 -9999.0 -9999.0 -9999.0 -9999.0 -9999.0 -9999.0 -9999.0 -9999.0 -9999.0 -9999.0 -9999.0 -9999.0 -9999.0 -9999.0 -9999.0 -9999.0
183.3664606634298 171.0273733851036 194.19855402386318 251.16156644201925 265.0607844578738 270.0 75.96476766380397 86.63689806625749 210.96038624166926 256.8274465766731 341.565051177078 8.447527247908468 20.556045219583467 43.02506598911802 31.96134341697703 4.338266791428197 13.958290074511396 26.281411021320174 37.63194892837782 33.32953790220998 26.56505117707799 38.686355422447235 270.0 356.49646835521554 338.7820304232214 28.835500847743077 66.51240422234639 65.80404722430582 35.48660928983554 249.04676833025965 249.22828136029975 314.96179008268234 270.0 229.7636416907262 -9999.0 -9999.0 -9999.0 -9999.0 -9999.0 -9999.0 -9999.0 -9999.0 -9999.0 -9999.0 -9999.0 -9999.0 -9999.0 -9999.0 -9999.0 -9999.0 -9999.0 -9999.0
171.98876838714398 181.57655005518376 221.72951207681643 229.7636416907262 205.97439396243132 184.08561677997488 169.2157021324374 161.56505117707798 194.58891873287465 245.6589100633075 281.82148834060723 333.68735150521115 8.775055744479673 27.26947198845808 14.819417751790027 355.89720307675793 5.84456587738687 23.035044489185296 31.492161124726998 34.87518669670913 45.57990050932217 47.205941177619316 306.86932464793904 245.85445803957836 277.1250163489018 35.53767779197438 63.698982804181114 59.95817483980656 63.16700480811946 232.76220208590965 226.48725907386685 215.3123395150984 245.72555886556054 274.08590764216564 -9999.0 -9999.0 -9999.0 -9999.0 -9999.0 -9999.0 -9999.0 -9999.0 -9999.0 -9999.0 -9999.0 -9999.0 -9999.0 -9999.0 -9999.0 -9999.0 -9999.0 -9999.0
167.42106476250694 193.19061071220685 214.89496363496204 210.25643716352926 185.9881483757755 179.0178828367758 173.97600691768037 177.07927847899964 203.64901975234642 240.47132816552016 271.69464706853717 305.5376777919744 354.34051815983753 17.525568373722876 9.975126720458647 359.4093427853533 12.01900245454452 41.42366562500265 55.47742359600487 64.9106261310714 63.615692007331035 33.5304696671331 32.0053832080835 128.65980825409008 234.09027692082233 259.8244891569568 49.48460600954462 56.52053419987267 59.03759168586524 42.96035863374293 245.6922563503082 255.3229381286917 264.80298809639964 167.00538320808352 157.16634582208246 -9999.0 -9999.0 -9999.0 -9999.0 -9999.0 -9999.0 -9999.0 -9999.0 -9999.0 -9999.0 -9999.0 -9999.0 -9999.0 -9999.0 -9999.0 -9999.0 -9999.0
117.47443162627714 181.60600298928227 213.98288838121078 209.05460409907715 180.0 166.80938928779315 162.2040110760696 187.64040676102678 233.4612881425714 263.25994390205307 269.4327335901421 237.52880770915152 188.74616226255523 186.9529574681739 181.63657704161673 130.76360520094116 126.08507304285214 111.10483858492964 94.18491612511842 79.32105280346487 66.6890649646158 43.75463573323165 67.47943439710312 90.61605990839924 234.9506266879516 264.17365797044425 12.893744044882155 53.90171603289199 52.78114169903131 51.47073387726865 314.9770633400916 235.3736454195056 194.74356283647074 159.50740523012973 171.86989764584405 254.74488129694222 -9999.0 -9999.0 -9999.0 -9999.0 -9999.0 -9999.0 -9999.0 -9999.0 -9999.0 -9999.0 -9999.0 -9999.0 -9999.0 -9999.0 -9999.0 -9999.0
63.649538754051406 48.99091309842978 229.7636416907262 205.52342450106804 190.92280471986925 154.3589941756947 144.97205768733107 228.81407483429035 270.0 270.0 227.063819728457 183.46018322898647 185.5898689598278 195.35013649242444 193.5479389880005 170.39479584498707 148.3392489033634 139.72445169717088 133.9190758133393 104.28109573597082 84.15543412261313 109.53665493812838 131.14936117608926 134.51853419416165 203.31770838675507 246.03751102542182 237.75753216087668 72.8380811971347 58.557192929535645 58.84079193075522 72.3479407710108 198.97153382363558 189.93868238436352 192.9946167919165 295.82099197418927 353.418055344822 -9999.0 -9999.0 -9999.0 -9999.0 -9999.0 -9999.0 -9999.0 -9999.0 -9999.0 -9999.0 -9999.0 -9999.0 -9999.0 -9999.0 -9999.0 -9999.0
58.431028870681665 52.65065095535941 100.43747535111818 180.55625222708068 201.96056402009648 156.92958775017536 148.49573328079583 271.1852608186224 273.0393995689269 243.95423169951118 182.93567344642116 177.70938995736148 192.94262426579456 203.53711407528021 208.2542494616799 192.40741852740075 131.68221883166515 119.27525427725259 138.96465472285612 156.80140948635182 119.68718163919371 114.05252941304883 132.99044618697886 150.80251395393555 206.42765148959268 234.21102654081665 205.45145056764494 160.36740446246958 131.32550047917033 100.4914770123316 92.65325263379971 134.98771970165728 287.0273343116803 310.7946429982914 310.2363583092738 310.6012946450045 -9999.0 -9999.0 -9999.0 -9999.0 -9999.0 -9999.0 -9999.0 -9999.0 -9999.0 -9999.0 -9999.0 -9999.0 -9999.0 -9999.0 -9999.0 -9999.0
107.87869659584135 102.05078488340955 100.05433559999435 135.9548412538722 192.92599912470598 173.75808565258495 221.69813432556498 269.3489396197705 253.10135130596177 189.21102654081668 175.74115387782967 186.56876412182112 197.24145939893998 214.54836705601133 230.59933933652056 234.7524249416538 111.644435140714 104.51105950016907 124.57419147411522 163.72613066530437 158.31770838675507 123.4325601384009 120.82485794474752 146.38642879640918 213.4653793463553 224.3806102967819 196.15733986458793 169.80067050128747 165.96375653207355 153.16622173273947 125.35407649920062 269.99590715198127 304.8970269836475 327.87500155961243 316.8476102659946 308.04704253182604 -9999.0 -9999.0 -9999.0 -9999.0 -9999.0 -9999.0 -9999.0 -9999.0 -9999.0 -9999.0 -9999.0 -9999.0 -9999.0 -9999.0 -9999.0 -9999.0
143.53076560994813 138.4893249057964 110.22485943116808 104.89869543440031 156.6308868365179 206.2882621249002 264.1226073933569 267.31022967684953 201.99112991717715 167.96940390346214 181.53160779201102 188.3929251873925 205.7099537808113 240.17291534552524 265.0136662287645 274.1275917025117 91.73570458892839 91.21887523513129 94.83440630626326 125.94927832281627 157.8736651906267 137.3037603246002 119.24882633654698 135.89517371021108 219.6022512235196 230.09569991955863 195.843082117687 163.00917670801385 169.26110289909457 161.1643794566066 133.27107692852005 289.1771962786426 284.0367620005386 313.78112476486865 -9999.0 -9999.0 -9999.0 -9999.0 -9999.0 -9999.0 -9999.0 -9999.0 -9999.0 -9999.0 -9999.0 -9999.0 -9999.0 -9999.0 -9999.0 -9999.0 -9999.0 -9999.0
