gridCalculator/out/production/gridCalculator/aspect.asc
ncols	218
nrows	236
xllcorner	466515.47101027
yllcorner	2626221.2241437
cellsize	90.0
NODATA_VALUE	-9999
[rows 161 to 183 of 236, columns 52 to 103 of 218]
313.51902366686295 341.1818075314432 18.586926661485904 38.79655209830816 43.372716677606405 35.727336239125144 24.749675481776663 15.038321842295048 37.375807495548166 50.67035734389389 47.29061004263853 57.893744044882155 74.20901585260057 56.69132944639017 341.0766117003013 329.23332199265434 35.18131671833002 75.624015134185 45.23010229509831 135.0 224.99181401162647 199.61066953432226 178.5054585668228 166.2613817994303 149.82708226645727 135.02548177706691 314.9895806912381 323.4548945636016 321.4664953585359 320.9808257143649 329.8422270579111 337.5741380786482 330.11716765458715 316.4475996868565 313.21008939175397 317.4263358316024 336.8014094863518 37.98349825527709 84.20720350496784 103.09189306434685 98.86462338841079 94.08445335680513 102.51802097163451 275.3161125403135 290.72607142778287 248.19859051364818 -9999.0 -9999.0 -9999.0 -9999.0 -9999.0 -9999.0
325.8955536119482 341.18811069748085 28.017893546454587 57.994616791916506 67.59016262850673 73.22877618136958 55.73889710090543 12.875001559612471 55.14554443389634 69.68717372979263 74.10985555689108 79.99202019855866 71.0324822989539 41.37638221884697 333.0645111704822 318.4682292589171 87.82487078960507 93.145785456737 90.0 98.13010235389542 135.0 171.86989764610456 180.0 314.961758203901 333.4206165178311 345.1298328866453 321.03988787010996 319.0857489969566 319.42144832564975 315.27813266729635 323.74616226255523 332.4801075690498 325.6492196592449 317.7927023657133 316.26833402961455 323.49855887949366 20.623531383325215 78.69006752597979 91.6683374482933 100.84030545433056 99.46232220802563 96.4985667884007 104.01938631477148 268.23192522073566 251.565051177078 -9999.0 -9999.0 -9999.0 -9999.0 -9999.0 -9999.0 -9999.0
314.30553971245024 333.9465046895091 69.36245301531218 72.5528115767178 69.30454926593671 57.8881851257657 21.104838584929638 16.389540334034777 61.80869162620686 71.00334584451144 73.75236842721435 75.96375653207352 63.1780187984185 42.13759477388825 352.5685920288275 37.8749836510982 88.56765325955031 75.9597109818416 49.07427136923742 90.0 98.13010235389542 135.0 171.86989764519265 288.4139284598373 304.3698552694651 325.6992193216039 294.6705962072346 292.4321998135997 306.04336439208805 312.73524545177656 313.5217273433111 315.7117122060357 310.4933931162317 304.16532115662187 298.39875301282916 308.94580810588513 68.19859051364818 70.1678701497816 70.1678701497816 71.22196677755446 65.65891006330749 52.46939431299756 14.259966577344315 296.8631330895761 292.8368901382859 -9999.0 -9999.0 -9999.0 -9999.0 -9999.0 -9999.0 -9999.0
210.22544972495345 179.69360837772928 145.5080221402324 107.35402463626133 87.73204546409417 68.52320902045962 46.24536426676835 91.33221985386965 103.43102887068167 88.79816693554788 77.05014552672117 72.62107498307553 64.09349200048561 67.44275336529435 93.57633437499734 131.18592516570965 113.43357114398725 97.88601446154868 90.0 315.02293665990896 350.55898122503095 29.076774457547643 45.05733876445944 269.98805890152903 263.92410630877635 222.3974377975002 243.434948822922 259.43198579099067 271.2102941689212 292.32442697081393 308.33869836022984 303.19756579221644 290.19980662143405 281.5290357253543 273.68062217303043 288.434948822922 55.30484646876603 75.01836742760908 77.7352262721076 49.028263666485145 44.32596310201549 25.345398141620677 10.49079305194563 334.7664996443235 293.1985905136482 -9999.0 -9999.0 -9999.0 -9999.0 -9999.0 -9999.0 -9999.0
167.3261399943769 178.8766972859246 172.50414236027012 144.9638041899072 128.51692630710278 129.3455791773593 144.6733554324035 134.0759546472273 134.57559458063852 142.00126755749534 121.58764235813159 118.14160123226173 130.6012946450045 130.8150838748816 148.36166773063647 163.6733511327211 152.5686251482681 145.6186819304351 338.5016637498928 338.5357698666019 13.869591178306038 60.94712576761042 90.00716107726701 251.55167725833064 214.60217674783036 178.1933452627315 225.76170099457093 248.09066861078134 252.1702657743228 266.96847613954765 297.6237849002808 313.4234499448163 278.9726266148964 261.1294441432409 267.2445752994972 287.47477425625567 57.225122675735754 79.80849814997231 52.35237935989236 17.417970792202837 36.86989764584402 19.98310652189997 30.302680720488084 0.0 294.77514056883194 -9999.0 -9999.0 -9999.0 -9999.0 -9999.0 -9999.0 -9999.0
118.58276716956522 162.31153375176717 172.64091231798477 167.5393744635586 159.5129858066693 139.55376797915864 141.89742755775177 140.49232455712743 142.31552530439626 151.2796732021305 133.69804732742114 135.9548412538722 149.45242825109298 140.88659043713776 144.46542056372627 186.0223583212893 330.43051851225147 340.5150155632266 337.4218833633238 348.78786582981564 17.41811619096103 24.05115074586206 11.613002938513773 3.817479377345535 13.164836723926413 62.74245502137566 216.71934351721532 233.7270470401137 236.55297674237326 249.97791676335524 264.3269778600747 276.63251461513846 230.11731484997264 236.6459742484832 228.8844915700531 205.80692820925006 169.48737283007864 125.45086607126407 123.69006752597979 146.30993247402023 75.25643716352927 8.972626614896384 80.53767779197437 85.91438322002513 -9999.0 -9999.0 -9999.0 -9999.0 -9999.0 -9999.0 -9999.0 -9999.0
90.78482460299189 116.43393978233078 150.6859059200664 176.29157184286956 187.54942176826327 143.42696902148066 132.8094261359618 146.30993247402023 160.01689347810003 167.14190982700183 141.44165161149152 135.52034027688578 149.74262274621935 109.18674064104638 58.485583929197944 314.9912774743156 312.79355013494876 324.93461562881373 327.6809203425675 345.6618848283882 12.138559905829538 17.116743343633132 15.803367558582153 13.536599275606989 25.793821352676403 56.17840905314258 92.87772943320341 221.0155598900056 232.58579905560717 250.62682136028255 253.1608551395661 179.38394009160078 201.03751102542182 233.13010235415598 208.38557551087362 191.86439045128114 187.53260140094739 167.0472354866245 168.80795991004192 181.61809453273747 195.06848815949223 -9999.0 -9999.0 -9999.0 -9999.0 -9999.0 -9999.0 -9999.0 -9999.0 -9999.0 -9999.0 -9999.0
111.8895567699047 106.01117747880846 113.74949449286676 171.46923439005187 196.92751306414704 146.569972047902 124.11447294534126 132.08916217383225 161.56568781099776 174.2898323477998 158.36750150242676 88.0212556149785 353.92874901251645 18.43157808639731 19.69948862543542 319.39209749855 295.3113831086355 299.05460409907715 303.407824589709 321.2868933617365 6.556946498163384 31.551384948313483 37.81946450227984 44.44909602078142 75.25643716352927 94.29489316894359 100.65543091646548 272.12315137428186 260.6848763027014 259.7651972365768 253.0626389160955 196.58733855692742 240.46121774044192 254.18080605249986 209.21924669048462 201.16125981682828 187.19347005529556 163.8724241740402 171.0273733851036 186.49934627965456 190.53918372862825 177.95459151111277 -9999.0 -9999.0 -9999.0 -9999.0 -9999.0 -9999.0 -9999.0 -9999.0 -9999.0 -9999.0
137.87836949973405 122.54565070184144 121.67546873810922 159.51964268819074 176.32550047917033 137.81555668421123 113.58703052512824 97.02839623894961 73.49390439481496 56.3040550796198 321.9837848088068 332.6512798422099 356.3259903556444 24.25391972431659 9.950626687951598 337.3481083479094 309.4850884087549 312.75425743410494 316.602261346271 315.51616422976485 37.72499504211074 94.16650488554868 113.29456325389442 123.29356327084668 115.18015927381623 110.9284534505162 115.94441468894024 293.2707952710278 283.55992678159123 265.2464687343521 254.2244191902009 221.84928358673227 243.6495387540514 235.7842978675626 186.74557964748283 187.59464336859145 164.3271794904568 159.20097159115852 179.42127443439225 181.12330271407544 166.4295656148385 151.3895403340348 -9999.0 -9999.0 -9999.0 -9999.0 -9999.0 -9999.0 -9999.0 -9999.0 -9999.0 -9999.0
138.154842864792 123.17851165939274 119.55368363230745 71.56505117707799 6.842773412630933 53.56088957116461 62.52556837372286 52.96961039432135 27.314886968543163 354.4162070628938 333.0039996550384 341.2672289674448 22.98871680208063 4.08561677997487 355.46222749209335 339.22774531795415 312.2408923413797 314.6589577211412 323.57523263983524 333.1380821555973 90.53545898556453 105.53852502903209 118.52311860631204 130.82523010808757 125.4795603695546 118.7458264940272 135.02558418205194 263.6363848795506 265.66092848930236 265.34838554335937 255.89319526292692 227.50770172706626 233.7461622625552 202.3801350519596 165.57922687248902 174.96621304379994 169.11447294534128 175.36453657309735 181.63657704161673 176.48345250366455 163.26851278712914 125.53767779197437 -9999.0 -9999.0 -9999.0 -9999.0 -9999.0 -9999.0 -9999.0 -9999.0 -9999.0 -9999.0
106.76255446183274 76.70142966950573 25.167870149781606 343.6571174565581 0.8069294551023773 43.465658500299234 61.54676081618108 54.11135704478399 357.74542503406497 339.9933052622597 346.961343416977 4.698680517299437 10.548065418142116 354.2513365827122 359.51853419416165 329.82647997035565 293.1237918883693 289.1954676000529 236.00354085174953 181.8476102659946 104.1534125878514 87.04368934249635 82.73675525941545 87.68293761412868 96.54171294769128 100.04849077988435 180.0 242.70034852165747 254.36898857989866 260.39988157012135 250.7923225847816 232.12501634890182 233.1878020119045 186.34019174590992 154.70797884297872 165.59331484356312 173.49437335431634 182.7006293373953 184.91656600601004 186.34019174590992 169.99202019855866 193.39249775375112 196.92751306414704 -9999.0 -9999.0 -9999.0 -9999.0 -9999.0 -9999.0 -9999.0 -9999.0 -9999.0
25.29202115702128 23.720395572304596 17.612577842923827 344.3577535427913 119.29136217098426 110.71417484434872 90.0 38.884496433714595 337.724102151741 331.3895403340348 358.2986453946739 12.528807709151508 9.582944723532563 1.2921668862499303 15.945395900922847 343.5399851879599 284.0362434679265 215.7273982227997 170.08347387909274 194.50664159752435 145.8230112262071 96.92111763843499 84.25939336104808 83.53592568062317 89.60518488898677 97.74072675251362 180.0 262.7769889437827 271.976487329153 267.6467031338917 253.83862749327957 230.30510960621038 210.51823067887526 181.2844435218008 154.42082095246684 158.92727338004943 178.40885972880542 193.50783887527302 204.04422326936782 209.6784899251352 168.69006752597977 161.31808813965176 177.33699923393286 200.5560452195835 -9999.0 -9999.0 -9999.0 -9999.0 -9999.0 -9999.0 -9999.0 -9999.0
16.557071375636653 38.04704253182609 89.06080905426442 141.58202829971003 153.43453956150748 128.34463284925906 29.845931949687397 357.1014232007183 336.96056402009646 323.74616226255523 2.0901591537106725 32.98852161363455 24.25391972431659 5.648247373735259 18.103763034506628 5.648247373735259 286.85839876773827 142.9434718105904 141.34019174590992 197.27174257768087 172.5348091438786 134.10482628978895 119.50072462349917 101.19204008995807 90.77587490609605 85.08719129230597 188.13010235402572 296.6966519321899 282.5411404502845 273.39492354211825 251.96571443287016 207.7904424794521 190.34868408799548 187.32974771675876 157.24902365721238 153.83843355798075 183.3664606634298 201.75501615275564 210.8668094511371 203.01756179688135 163.72613066530437 164.81416273779868 226.8476102659946 241.92751306414704 -9999.0 -9999.0 -9999.0 -9999.0 -9999.0 -9999.0 -9999.0 -9999.0
51.00900595749452 91.39718102729637 95.48615642500431 91.30198225289949 31.865977693603675 345.96479356444934 340.26731050033897 350.5376777919744 348.8048885737 334.1129737336733 32.69198418257207 76.09731288577944 59.470294100065885 351.46923439005184 31.675468738109224 83.08877288097531 159.62356478616363 155.22485943116808 142.3995946598871 171.71420297604624 167.30041551040262 145.47423482822583 133.98602127721472 117.74104570709592 100.75470167469031 88.5323334362815 224.99999999918577 278.15605301560936 262.09466311109406 245.01876039378394 218.45370921670596 180.62275568720634 184.48460600954462 188.64693170795306 159.2858251556513 153.74134044519272 191.30993247402023 218.38653951768526 229.8365834457353 209.68718163919368 154.74683660542613 210.37912601136838 278.53076560994816 -9999.0 -9999.0 -9999.0 -9999.0 -9999.0 -9999.0 -9999.0 -9999.0 -9999.0
-9999.0 79.69515353123397 59.03624346792648 23.09661747577914 354.80550847317414 336.17271451520645 333.132864911074 355.44623202084136 11.583418604687068 45.0 120.02712423321309 131.29157184286956 166.23921488820878 199.74683660542613 156.1247191460725 120.66456458047988 137.44704864232364 163.71507752811658 171.55963472449338 169.13594007791227 147.87500155961249 138.77228360937983 135.0 135.52981731211705 137.77830591506873 123.76697753717175 261.86989764428074 246.4356710499486 219.98729177975028 218.8979521813584 198.25756307538975 173.65980825409008 186.1063855111317 182.08258419564362 163.5774532701143 158.09682191816083 242.02052561151984 250.1678701497816 239.28109573597084 206.13100054493856 175.97173633351485 270.52563460645763 285.6422464572087 -9999.0 -9999.0 -9999.0 -9999.0 -9999.0 -9999.0 -9999.0 -9999.0 -9999.0
-9999.0 26.56505117707799 4.763641690726175 31.328692867804172 349.5625246488818 327.0114783863654 324.5878330248186 6.5967382978942055 56.30993247402021 95.13255443987296 120.56793706386408 137.15296278910046 174.0938588862295 202.55724663470568 167.42106476250694 135.4182099414971 133.93908830973578 157.42586192135178 187.0457691248675 184.34323995168938 156.00972927679692 151.99645675675072 146.40853759171495 134.96732717446207 152.0069957228719 329.8102695068535 348.18561024489566 346.8364217034192 340.2724872742161 234.87688076611033 188.91492695714788 174.53615718676338 205.75156779370445 199.09349200048564 166.60233835978084 251.565051177078 247.83365417791757 229.7636416907262 228.81407483429038 228.76403486490574 276.3401917459099 292.91955483246664 282.26477372789236 -9999.0 -9999.0 -9999.0 -9999.0 -9999.0 -9999.0 -9999.0 -9999.0 -9999.0
-9999.0 -9999.0 -9999.0 -9999.0 330.94539590092285 320.0424510691709 313.33971763101715 96.91122711902469 100.76814456110783 96.62077608231498 99.94600494241729 112.64680231301061 162.29957221133282 204.09201952899036 160.30137862541972 141.63251461513846 138.9825708218999 150.30025252819865 190.00745104880843 184.07358219226904 157.45422450613881 155.2596681429411 156.1178831876198 135.01432394458013 303.5931229493866 309.9654939525344 336.20295400317355 6.511643323625464 22.252170953277954 59.09352490799107 137.32911622820254 233.62892161343723 286.6540260839745 322.1234737168242 105.94674715911239 180.90938044919915 205.40771810894847 242.9044475062482 279.05788812861766 297.4744316262771 300.6997225508144 289.2692943984688 223.02506598911802 -9999.0 -9999.0 -9999.0 210.25643716352926 -9999.0 -9999.0 -9999.0 -9999.0 -9999.0
-9999.0 -9999.0 -9999.0 -9999.0 -9999.0 281.30993247402023 152.41797079220282 142.72182580013097 131.7754773934801 119.44231398246941 119.54544378487549 125.20379008252547 155.5562592781775 187.91760657385288 156.98198620486616 128.65980825409008 97.59497698304048 69.44336610901962 80.54077385700505 157.85518398190152 142.3825282159858 135.01767706215054 225.00000000081423 269.970297680467 286.7593778784998 292.32634191090216 309.4724598483438 99.66061591676318 129.64624119632995 136.64674312036286 106.33834781501749 296.9592682194383 297.48710125491743 45.0 116.30074951169301 170.21726215007345 237.52907734205908 270.80692945510236 282.1368244552923 292.9993016494594 282.6001598260807 202.16634582208246 170.96051719664487 167.19573393471325 139.39870535499554 196.69924423399362 145.30484646876602 -9999.0 -9999.0 -9999.0 -9999.0 -9999.0
-9999.0 -9999.0 -9999.0 -9999.0 -9999.0 118.07248693585296 131.0698244542745 145.73266455665578 145.00797980144134 125.33359751696024 122.28636783672701 123.6900675259798 132.75533518854513 197.24145939893998 354.0977685081874 20.071525864538728 24.774749273328325 38.326522484338184 62.54375621831238 95.36790987039168 114.53110260793528 314.95382166664734 327.7430404596194 336.239788885083 332.46740378432844 328.14501922898296 8.615648184164101 98.31663216490215 120.12129281574396 185.58718213431484 316.46484280048185 314.27310945929196 306.1156525191933 79.01934998982645 91.0230484535076 149.03624346792648 269.23608117031523 272.7263109939063 275.4403320310055 277.76516601842536 165.37912601136833 158.355564859286 176.72951207681643 165.3026807204881 180.0 168.43986920578226 132.51044707800085 -9999.0 -9999.0 -9999.0 -9999.0 -9999.0
-9999.0 -9999.0 -9999.0 -9999.0 158.19859051364818 139.84400037508067 119.52136183458165 113.68208772453845 92.60256220249981 81.27661935831702 72.15979569229648 30.352624727637 8.513702594284425 356.14315580987045 344.2816554995741 9.96380418990718 45.0 83.97656904938098 104.66357343417042 121.97617841279146 319.23916210558923 330.00621409631856 329.20766710798557 328.38676115915763 348.69748793414857 83.7278695601032 150.7807533095154 116.00337482492253 97.61231000315993 291.84150276505557 298.8785053665192 310.84035770628736 162.75854060106002 136.45063844832615 119.49290554196193 191.25667743694459 270.6890588351809 277.7118924126589 283.0693178962822 281.85300416774396 119.55368363230745 138.62148470411734 179.34145682243638 165.51023740611555 200.82089285331082 163.9264258352536 157.16634582208246 225.0 -9999.0 -9999.0 -9999.0 -9999.0
-9999.0 -9999.0 -9999.0 -9999.0 59.74356283647073 101.0035408517495 55.30484646876603 19.32318431816178 21.370622269343187 48.85680098558984 42.43075897985181 358.86557836902296 0.0 6.571922654315884 354.9363831469699 23.78203042322137 65.97349342132081 86.68282601646752 97.60171360906142 141.88257527599 269.98468641503433 274.2332641986301 284.7521185511105 287.65012421993015 114.04422326936782 127.73499363826062 164.3594975239755 156.62187452085138 122.03440548273296 261.8489050153044 249.10184045664946 198.92464441605125 141.090301222002 139.83576293408464 147.5195216581264 260.6650654030694 284.8169650810853 282.5288077091515 279.3314105252938 289.4400348281762 75.83783194468725 55.38885781546961 66.44773632710536 132.27362419032377 205.27833677837643 164.98128960863028 155.97297998308946 225.0 246.80140948635182 -9999.0 -9999.0 -9999.0
-9999.0 -9999.0 -9999.0 -9999.0 0.0 27.387422157076166 21.801409486351815 27.525225743744336 52.01650174472291 64.21267181718562 45.458356458000424 343.9509952074668 357.0262689175199 26.56505117707799 7.869075551790502 26.939528063800815 64.49586051318624 71.97060646026762 54.206063930680216 4.0215701491448215 9.694681917052861 220.75130369783028 239.18083593927025 210.77479435175962 135.66554156832572 106.25777346311084 95.07799655720473 175.65146072520815 134.97125630031408 233.07765298859334 212.67487940382682 186.8484715603044 150.67762573633735 123.67203343550122 135.11569046269065 279.4724058741799 282.75715661396987 281.0035408517495 276.41084002023246 285.52411099675425 52.66680426181418 36.982906926344675 52.73359809902286 82.33305005056056 183.81407483429035 162.64597536373867 150.25511870305778 245.47185933797945 270.0 -9999.0 -9999.0 -9999.0
-9999.0 -9999.0 -9999.0 -9999.0 147.99461679191648 143.01720452390003 159.7269788397389 155.7934810967168 147.93805631718647 112.19545952867895 94.12704648398153 280.0101588209361 317.6051611809522 66.80140948635182 18.43494882292201 42.878903603338536 78.51458329824139 78.96538144973023 52.23442013162139 13.59214001724925 48.70090074240266 65.06525080254173 255.79534902324045 191.6912637777626 144.2726017772003 108.48185528657362 83.14418835711066 90.0 90.0 224.92296370421764 206.58424574236074 192.30441458240162 164.75990703169185 135.0287124904621 314.97126591037613 294.6721232783798 290.5566733672146 283.60973189581216 270.0 241.3895403340348 128.29016319224309 126.7241071729248 117.37770277133173 112.50299952953955 159.86122711961545 173.41224185608127 165.2579213640354 275.01265874453713 272.4895529219991 -9999.0 -9999.0 -9999.0
