gridCalculator/out/production/gridCalculator/aspect.asc
ncols	218
nrows	236
xllcorner	466515.47101027
yllcorner	2626221.2241437
cellsize	90.0
NODATA_VALUE	-9999
[rows 138 to 160 of 236, columns 52 to 103 of 218]
183.81407483429035 104.53445508054013 115.01689347810003 132.32457334397085 158.80594351845772 132.0642514096512 115.14421850198897 271.27563191575183 287.9601715374424 285.6422464572087 278.74616226255523 307.8749836510982 59.470294100065885 73.65711745655814 69.87415391412765 65.42851371561541 76.34567727139503 92.50425379256072 232.13632380802437 210.9768018653533 222.61309568887108 232.30575953331083 200.62353138332523 192.9946167919165 255.11373315098245 296.565051177078 309.0793792859532 318.0664855011259 310.9143832200251 280.72885929801004 277.5030873910496 283.877529803208 307.43857157233305 33.17851165939274 22.864508121899647 19.908470290326164 20.794114955503645 358.3397176310172 339.7751405688319 6.340191745909905 106.18920625702694 127.17628926811474 130.5787105785694 139.7636416907262 150.79592898907393 148.29857033049427 142.1250163489018 135.0 134.734743656624 146.4495496436931 161.17546232979805 158.69272075253315
125.83765295427828 112.22503045111355 112.03622694014545 114.44395478041653 147.61950461182448 150.39695876848282 119.93562141025075 297.7323870864824 286.48786359653593 253.673146489435 230.35582504285517 207.55281157671783 146.30993247402023 88.47923033885624 85.48601154199874 94.55995008741183 104.04931463597069 132.47169881101863 204.45970901225695 205.4120675568754 229.18454787086236 231.66665989090137 244.29004621918875 303.69006752597977 310.88509090176274 309.0684730750802 309.32464411483085 326.12410897578224 346.5289880377534 328.6632293401285 292.8856729284405 288.6128854543324 270.0 150.03781590358227 158.40468955103233 139.6199234816604 145.1407931461128 169.4300087791729 182.20259816176582 175.29214775562778 158.92504075800667 131.06710372776945 117.10051016264252 119.78367328797702 129.24173983563324 133.90530940814696 136.19973623812137 132.3369744972631 134.6845546549811 148.07959527334134 152.19999385284078 143.76803125903444
115.75047412731827 103.47315811273114 107.5602720518007 113.19859051364818 120.96443061328503 146.3136052333075 252.54591551762877 268.9380079788718 217.1858091296382 195.83261108121593 218.71305378568636 212.19573393471325 191.30993247402023 105.14098383507691 92.93567344642118 88.32516200947079 80.83041195244913 66.16708315043013 180.0 283.07835686753657 282.54619082964496 292.83365417791754 309.6607631962624 311.8201698801357 311.5526131481348 315.66619997018313 313.58207716854884 317.00955381302117 345.9132756821285 343.5596204783198 291.509492802126 268.12212255271464 147.0613094570445 158.99889035437755 166.54676469354462 158.3340412767098 156.75709721404752 166.30128299291556 180.91519020171555 185.83478899684135 174.47245984834382 143.5117051384247 125.34816653319575 121.5042667192042 123.19756579221645 122.73522627210761 123.95109432834525 120.71930747119319 119.29144859269525 353.63325201929877 343.0701736506053 3.3630617793455286
138.4064437549947 113.1290568347834 120.96375653207353 135.62959860841028 131.49763329160163 142.1265588741855 211.50318321845788 228.90049374238188 175.60254648766897 184.12759170251172 230.32530412033793 209.79759129082385 196.84380855172742 151.26020470831196 95.1944289077348 89.63506366426935 86.57394969246683 81.85726047614439 180.0 288.4996735369009 286.6042474375756 287.18958455615365 286.1644991522569 281.97613244420336 288.7413404451927 305.86481164058983 314.75409687672925 315.0 341.72969376848545 349.0193499898264 297.4744316262771 246.80140948635182 129.17365797044422 144.9638041899072 153.6455941220774 149.86379162144567 154.05770451012833 167.15229514128234 183.19162665655426 193.2163240637906 185.66370625802057 157.06789956241022 143.6606036708298 135.40348473505875 125.94211187138234 114.30454926593671 107.75491215747927 106.11434532327411 87.28172640700818 316.22958029111703 338.7817065090456 10.539018991768003
167.80696552449302 129.77605240373157 126.86984555844028 152.8397996031025 168.47587491287567 158.19512989217364 195.63901293302183 216.77093061998863 176.32605758341163 185.71047968275715 216.05410047756402 196.7925091209847 198.23249108070382 190.4914770123316 129.9575489308291 114.72311928489728 117.05306844596689 114.46833953212145 188.13010235402572 285.2847138560208 290.7608084759622 300.75653942645215 311.94130242590415 307.9236218223632 293.96248897457815 288.8078011270346 289.79887635452496 293.32955206732356 321.3401917459099 347.7995312726192 315.0 156.3706222693432 128.20211749971367 129.9941674470489 135.0 133.20072427586592 143.34795597925313 165.20761248040662 180.22293965119752 191.70290148022139 194.54963277012234 169.34609740006152 147.1237382477894 141.1701750950296 139.00780454237233 135.0 124.66172814545897 118.15773167019631 313.4295123240197 315.2893716248886 339.3723649224035 26.35440587792261
176.31625295467518 144.40531150095688 131.25751002008596 130.6012946450045 118.6402929217277 134.99808548202324 201.01816541453007 206.56325805031392 175.49821395262694 187.11656266240698 201.9685767827844 198.1594904667868 216.0273733851036 211.14858098619504 131.58341180822865 102.43647632747462 103.3085791169364 135.0255300326266 314.98565274112514 306.0360929356448 303.8360260019639 310.6012946450045 320.9743232864806 320.9777735923607 312.42342816973115 296.1390681004348 272.20259816176576 259.011348903506 268.26429541107166 319.0856167799749 113.96248897457818 142.68672168146833 147.63336193527502 141.2674814048493 138.61733313688217 129.45153370628194 129.0531369460265 147.58296249407692 168.56274378109242 191.09372301155787 205.01689347810003 180.8636900445996 151.59475356652922 144.6097381250528 147.81600219365868 154.06498491706037 146.52445672054492 197.3394387319103 291.4524380953413 304.81867999348555 335.81264648325936 38.94580810588516
136.39575037003556 118.53998518795997 18.434312189002256 358.3633918018471 26.772176992412476 43.057081498962454 21.865752260367444 174.76407975161553 163.52575147871937 198.37729561284362 238.52849512524784 265.17542196665124 277.2750049578892 245.55604521958347 131.76029970389789 108.45215202719011 94.9099256990486 225.0 288.43136245715834 289.6742892971656 286.32729980364115 286.0908163488522 292.8905516562483 298.71122596994053 305.5376777919744 308.8999400396783 297.255328374943 275.0240752585396 256.60750224624894 178.29864539467388 121.20619138782345 124.8981235610295 144.05788812861766 136.52752544221292 133.02506598911802 126.28856244804965 113.92250588301326 110.80679101271123 126.63411387596742 180.0 204.59979060515747 178.8876003837022 153.33133993131167 141.2470556415708 141.8868126693092 158.66278855086125 90.02866221847702 308.9877222340128 294.7729393429068 296.0101457233678 326.7385712067223 31.646629792759
19.69238422752443 1.4109408203827343 359.39690880561943 16.699244233993625 55.673561231697846 64.94110111704572 36.14572702584876 1.121006486998752 14.034837070691779 45.01348294586576 279.05207816817483 286.4144451901005 285.0183606311507 130.0302592718897 130.42474235996815 138.54710791926988 122.68952565848033 314.9539608138359 287.0889806946746 284.3794054075553 276.00900595749454 267.7320454640942 271.07082445478693 279.89667196766914 290.92450174492114 307.07926009835893 315.64374571417534 286.6992442339936 216.75367918553147 165.08968623877666 130.6913350834751 108.09890704845901 116.73711005780586 121.54131539138498 123.87081071038881 131.29157184286956 130.8295634751579 126.63411387596742 109.15561244543966 134.0759546472273 184.72798781884222 172.049226573607 149.03833885060283 135.7351097055711 131.4240559239878 317.2898165559792 328.77903065799603 325.8677832064876 311.8636416316674 306.7203006502415 324.0534386621738 12.108984983228979
25.839826878018727 16.220193695602788 60.4612177404419 100.14554443389633 102.05078488340955 67.61986494804043 358.513877585643 1.2063440026349923 49.32561211216475 79.71626954437568 256.3263970878835 237.85814215303887 206.58499401633992 159.1055554387333 126.35984741152708 124.85715455651467 135.11470611204598 314.9938457809568 299.1338370907659 293.5479102511457 288.8773784809615 278.6525417911147 275.9223630214665 279.9834944270716 283.65764250581213 274.1275917025117 207.2161115573075 196.51781425295957 170.35195468390185 163.58276716956522 159.8026601534175 128.15722658736905 111.03751102542182 106.77122381863042 100.4914770123316 90.0 85.13548556223948 90.88140399658214 96.20344790169183 102.52880770915151 138.52145337692224 155.83311012688864 144.85171014687103 136.7445143135093 312.82178858178645 317.50969531102044 322.4322067895338 324.49764635861357 318.0821808245281 308.6598082540901 313.3445134608807 347.42106476250694
109.47030200946696 125.90972307917768 128.73650938566547 113.38522105721376 61.69924423399362 0.0 338.02549200852803 37.86009702640725 90.90800105217244 117.92270666225065 224.98360987543433 203.75256996308252 188.13813096222054 173.3639967219782 152.52173922913713 135.01913846426163 302.76009746884097 311.2490346035336 312.3487219840862 298.47420361007437 277.0165017447229 275.801586887647 278.13010235415595 272.4895529219991 249.67686317033704 185.7486634172878 173.13630808537295 180.7073193685443 168.24105023326146 166.38022942194044 178.7269699799433 153.23249108070382 114.60512391795162 83.77417093557423 56.71247231108751 49.44738485009049 64.40597075400117 88.89829388479363 114.14554196042165 122.5295382783311 133.28128128382662 142.20470506680425 145.85397883644512 312.69330132155994 312.8512684446548 315.25019832019757 316.54220612742847 321.5266487616044 321.137255949262 310.10959794194616 312.17982752755154 329.3110412626064
52.21426203920676 47.36137465817561 36.15818543980833 12.188633201931879 7.465190856121424 354.4470289669632 341.8781397520986 70.61729497437106 88.32508758154655 108.51538002579737 180.0 188.13010235493763 225.00000000081423 261.86989764610456 270.0 270.0 285.1212546268764 293.11511786974745 308.6598082540901 317.4895529219991 295.17753542963476 286.2707312155448 277.90716270295843 235.64921965924495 195.17291534552527 174.26977829885814 172.56859202882748 180.88823549523977 174.66784111834045 182.65419551340665 191.91514707126504 159.27444113443946 156.65043281467024 160.32418140194721 153.10376303450664 141.89742755775177 136.1457628381751 139.36827743458838 137.72631099390625 139.49322074067402 144.55865001692266 139.67515109973783 313.38881430894486 311.4219827979754 311.67818392100435 312.2072976342867 312.1485437092629 324.5109603792906 326.520319947711 312.3615081745888 314.53980283202134 326.7905009020314
17.581972942539565 31.452061011999504 37.58850714082112 17.241459398939966 359.3414568224364 5.314545669944749 22.249023657212362 82.71647913147393 81.70548430210285 58.22507940524311 314.95397006050456 325.8538474184503 345.5601674382302 356.9162111572547 3.0765430207703304 359.99608955914385 317.6338031639574 296.71815324592546 297.22867917709124 313.0908475670036 301.52684188726886 282.99461679191654 237.60015982608067 176.6335393365702 177.25504410616185 177.70938995736148 182.52949420483776 196.03233935393598 215.2724214485984 255.76271953423893 145.73889710090543 142.82907651005962 159.05734945001174 168.04812486997523 168.61357120359082 159.5150707300523 149.79108489871118 149.22077030018795 139.4333188355829 132.48267528663456 153.4693194123875 326.04690021016125 319.3093056419589 309.49043880609696 304.695153531234 302.4170375059231 302.97331034509466 324.1178627537958 328.3428336984231 307.81367197892763 308.0238035229552 324.5160202049682
59.32271997820355 84.0938588862295 98.69550287742477 139.39870535499554 192.6001598260807 165.6186054089094 148.39249775375112 104.83993916191291 77.90747956684397 64.98802634868676 297.839208661474 301.68510888410253 326.5700220331355 349.1699558181502 1.450262188656069 356.70843987827845 336.0957348598317 323.91690533314437 298.4126614430726 250.3461759419467 242.35402463626133 232.25319461272534 177.1014232007183 157.47943439710312 173.65980825409008 196.26020470831196 241.8374726256764 286.24287910269754 302.76388849058367 264.8055710922652 123.06439745673256 125.59686762578731 139.95027223429173 149.03624346792648 163.7496619662096 163.4689189965943 153.55973700242325 154.94045691966812 149.19736509014828 140.96421969884335 308.1647531012693 318.9231598517847 325.2221686336361 314.37724431279366 301.961343416977 296.40455921724333 297.8596506952423 316.02915480430596 326.43030158162753 312.54246185182285 306.35306829204694 320.1021652523582
111.48203832630776 109.79887635452494 111.90287403823791 134.3621120808032 190.2561455097714 173.9035297159011 150.85192815428695 158.74949449286675 77.1000235967087 62.79730395833124 329.75203175195287 280.86980325128764 288.7886219821685 315.0 349.7960262782683 357.70938995736145 325.43747535111817 221.18592516570965 181.8476102659946 189.0276129507151 213.486168815513 216.66255556115328 162.92897870868092 144.22988624372772 250.01689347810003 302.97772331381645 311.8201698801357 305.75388725443673 198.43494882292202 157.72410215174102 136.9978798564767 130.57044070102236 128.78436410029735 119.57783868126134 139.1982824158211 161.56505117707798 154.7004415139353 155.0925233665415 44.88494838854552 313.05632562898336 299.59251950403063 305.828270969834 321.4761245383512 324.4623222080256 317.92320293197815 309.8460914387722 306.18926701401506 302.5119142310515 304.2318554388921 304.43898930880357 299.14063373339434 304.8244891569568
115.88702626632669 100.20397372173169 99.03266988087239 105.94354261321372 194.92166867130314 162.29735950102463 131.8636416316674 190.1755108430432 175.36453657309735 83.11572336069428 73.56664048632209 256.667339350141 264.47824920433004 275.9061411137705 257.4711922908485 140.19442890773482 159.97391090588343 177.47388308838046 172.8749836510982 181.49433359126652 217.8749836510982 212.94376946625695 175.67486714978156 240.9459364449928 306.3571974199955 310.01366622876446 299.5213618345816 155.39487608204837 159.33387656904677 163.82555308821927 144.76970005053124 141.1155035662854 152.65012421993012 112.68055960702492 107.92799830721705 142.95336096433135 168.68455014646236 314.9962606361457 338.29616811600863 322.5163199227338 299.45858486792486 302.35784767211015 314.47436539354237 323.8806591505202 320.6136050295231 312.47388308838043 305.85291961512485 285.5928109392663 281.88865803962796 282.99461679191654 284.5344550805401 284.0362434679265
126.43911042883539 104.28717228484115 85.40040074414439 54.607353161877754 357.65127589889323 33.691169372131206 59.23728046576108 67.7926585039271 180.86853108449003 134.1675053879135 131.30552399169443 248.6837601562702 251.31232038845704 209.26799521489272 171.55963472449338 163.07248693585296 156.16146722430454 174.88992058642137 182.48912048959897 219.805477163064 264.588130847683 270.9093515857427 305.3112134396332 303.1667679010838 290.01356679522013 236.30993247402023 172.08249696517166 144.64440564010806 144.98496020464333 171.9775963526725 143.42696902148066 132.47388308838043 168.83416302982064 149.41767205589716 118.68043079260185 28.899712961373936 321.17176880102267 323.61837509805594 346.48126596801274 327.47046172166887 295.13741450251774 296.2545079875721 303.23171106797935 311.8721938787138 308.8298249049704 295.84438755456034 285.68999292908387 281.5346206536447 288.9704078084865 -9999.0 -9999.0 -9999.0
64.53665493812838 53.56088957116461 44.54527392073566 16.73187486304458 10.841239544329923 45.698694382983476 60.255118703057775 80.04543049712906 121.22567259954178 158.61856605333958 134.98771267882552 250.93745224303888 226.36181653190522 177.23489159877582 168.98978036131285 174.50109283810826 154.98436118682727 188.1327761393727 288.43555195543684 302.8562659612377 301.476839349584 311.46700074641325 319.6349921943548 314.3489322219099 215.78897345918335 172.92107839538778 164.69072651201682 147.7396467924821 134.43829466743347 167.8686789333675 149.3645824496972 116.25679156896071 143.8629897714925 164.4539449359999 150.6305070878234 312.3936952025903 314.61496695663504 324.3409921073561 353.8113840367584 335.409882833804 303.801973203046 288.434948822922 281.88865803962796 284.7745502750466 278.44752724790845 255.32360686255 252.71850162818336 225.0 -9999.0 -9999.0 -9999.0 -9999.0
23.442920714962284 31.96664367408615 29.70345268556993 26.90609345593684 62.59242456218159 97.89576509429378 119.4384896746715 116.36409854912515 102.63975375488175 331.69344277065704 354.8079252812008 293.1240665379827 234.42824823505248 143.42766141481866 166.96575177819955 194.51129382761798 140.39150685387477 279.3019060067161 296.56409623150375 308.290065416457 263.15722658736905 253.86715946951463 261.49129668372973 178.8766972859246 147.5933299561031 160.34617594194668 163.07248693585296 157.40983737149327 146.0035408517495 159.77514056883194 165.09734886554392 133.26426035538861 111.60458300386118 330.44540710181366 332.6894359391732 328.5106628885386 323.04671467252905 330.39554925399506 347.3717780826096 333.1380821555973 322.77913719091435 298.0724869358529 270.4896955931292 258.69006752597977 240.67952412241925 233.82037955202108 239.93141717813754 309.80557109226515 -9999.0 -9999.0 -9999.0 -9999.0
43.89829388479362 50.01311375503581 50.63068275763526 80.04192940153902 93.66778805553143 85.16958004171006 65.29756977222868 58.48972071934847 31.513547642345387 334.07124627417187 353.04537951904064 1.3489734498008943 5.119987488875623 38.7576430999708 77.27553079172279 185.16950768326632 215.48478891650564 282.06014088934865 276.43473915103675 198.43494882292202 170.44571032759825 227.64254529406472 230.4403320310055 160.31288380187414 137.57914750028343 156.2796044276954 161.79608129397346 159.84420955661665 155.322048089849 159.08211060021142 171.87536459842994 155.06763325983695 337.2144079014656 328.78588964302367 330.05765972545015 334.0945516884269 337.85876187986565 343.5399851879599 345.75653942645215 333.82471001824 339.4437585634719 312.18542639162524 266.6338267151423 263.73251859515074 270.0 236.30993247402023 240.3215100748648 245.3764352138364 -9999.0 -9999.0 -9999.0 -9999.0
62.78388844269252 18.43494882292201 49.08561677997487 66.13423988036722 64.78107710703505 52.6333305872313 22.335442565303893 28.584489669542414 8.404877427355743 333.1800467783476 351.3843518158359 8.130102354155966 36.06043499684848 74.35299164958059 88.09062486007585 135.0 280.49528163422036 273.0774157513018 250.79602649449996 149.42235265982072 164.84352204816372 247.43447429434752 240.5545712700744 153.43494882292202 134.53416062007383 151.4156859935572 163.00561774289554 159.23027731731543 155.45184620069355 159.9991107385339 289.80269179228634 318.17357040266563 327.325244875057 319.81087064739984 319.6223702416843 330.4972431068066 340.214516768072 346.5587951629014 351.60090535214755 349.87532834460217 13.626174926117372 5.630682757635256 280.85655853385623 266.5935562450053 241.33604288971847 197.65012421993015 253.07248693585296 270.0 -9999.0 -9999.0 -9999.0 -9999.0
33.8869594640517 351.25383773744477 27.70755060012231 40.7895015966978 46.665106058103675 35.69005982501396 3.0528825147924294 20.69545073406327 11.793429684910464 347.59258147259925 90.0 140.19442890773482 109.90374953730785 103.5740404528651 103.50510114716823 315.0215181935979 286.92255029378424 231.33851423163946 199.11788916905198 151.83792712395035 231.926114313045 273.20247960922563 237.17145820858747 143.02723751043195 124.87796687515396 134.31844311672097 165.5234426359961 156.37250202129903 135.0254902794939 288.3771910002327 282.0555435571464 290.8108315723213 300.3112132266816 290.8208928533108 293.47352016705054 307.38145351243105 319.7967989668356 335.0220832366448 357.1975484801332 20.432828679398682 48.09332776730598 23.629377730656813 291.1944506303924 261.6070748126075 225.0 240.59281093926637 287.2414593989399 270.0 -9999.0 -9999.0 -9999.0 -9999.0
351.6070748126075 355.2363583092738 29.31000707091613 54.54038180484264 64.01367438852978 44.99943271505436 2.3372582128766766 28.30098104134816 46.56935480474898 76.67546873810922 110.05609473657542 135.0 111.80140948635182 105.50423629733703 107.26037304417146 288.4449883846756 322.163856151583 153.4487097175851 187.12751514507912 160.71301764431539 263.5300236667657 265.4735042351483 185.4403320310055 127.64762064010765 107.53052450627501 99.0663648533361 188.13010235389544 224.99999999918577 314.9541083161714 319.64935990905224 297.647548569621 290.85445803957833 290.7990284088415 285.6242345811868 286.91080875572436 296.90274341328654 310.2720121811578 332.24145939894 5.710593137499629 35.8821372462042 50.25320974419859 34.380344723844864 298.17944190435253 273.4473868518652 287.0490309721098 303.8182457898033 323.13010235415595 -9999.0 -9999.0 -9999.0 -9999.0 -9999.0
314.23686534714443 356.18592516570965 34.48737283007865 50.3977487764804 55.40055202482107 37.341753787905375 15.255118703057775 26.811935781535738 49.81355089370653 62.145550918861744 63.15270588665115 78.02386755579664 96.14234885870047 97.42645415545073 18.393636378902215 313.5682977639606 14.74831376721545 73.06494943995466 135.0 171.86989764610456 251.56054846529744 226.90758356675687 175.52432827781308 151.42453546146692 130.91589594454848 117.77097431096519 225.0 314.9791556973222 321.00832547013357 323.4900865099425 323.03984801184635 324.76970005053124 318.89167629408075 303.3814756472054 303.55354090706146 313.4991439127066 329.1842942482708 354.74972727026693 11.951875130024774 33.804888573700026 46.59115499653759 40.42601801244825 340.5610228847343 273.9206460238803 282.8632777245104 294.22774531795415 331.1892062570269 -9999.0 -9999.0 -9999.0 -9999.0 -9999.0
