gridCalculator/out/production/gridCalculator/aspect.asc
ncols	218
nrows	236
xllcorner	466515.47101027
yllcorner	2626221.2241437
cellsize	90.0
NODATA_VALUE	-9999
[rows 184 to 206 of 236, columns 52 to 103 of 218]
-9999.0 -9999.0 -9999.0 90.0 105.17291534552527 133.2821972733776 159.97391090588343 165.1123783655499 141.22582906442577 122.47119229084849 118.66460019136309 217.0565281894096 213.46402768553747 119.19748604606448 163.30075576600638 107.52556837372288 84.67425937523228 72.04383484737326 45.6740368979845 28.2016282186947 67.04429583714004 79.02264656353073 266.0735399270127 135.0057450896741 126.50292322897528 180.12270002827194 84.5831413343255 45.025524346017654 315.235299619742 318.75735819362944 340.0870361244476 15.643523237691156 45.012748685223784 180.0 269.9712803134262 268.7220165432623 265.323949223412 254.61481164634642 236.82148834060726 211.86597769360367 148.34872711328737 135.0 127.18470645323313 122.35936775526278 163.52136255224528 215.52761009514938 293.8752808539275 306.0273733851036 273.36646066342985 -9999.0 -9999.0 -9999.0
-9999.0 -9999.0 -9999.0 90.0 89.53037298031035 90.00050259896587 88.45493711406537 140.19419409955194 129.55966796899452 115.01689347810003 128.91222719639472 187.43124822798995 210.41034619191663 153.43494882292202 156.1247191460725 155.1125882890755 110.19059162454046 72.51200262385146 45.0 50.79279649503216 83.28465854872265 93.27260795244486 240.40357473150823 167.76819885513413 136.46678746979768 205.8318400904356 134.98360401260547 89.99680927886325 313.19951404594707 325.7954647520754 347.24320389060483 29.8086907051771 54.4755847608779 45.025527189005246 224.97129470204473 244.09155989160965 239.4309319158095 223.492564241225 216.17962044797895 199.98310652189997 160.29202115702128 148.65764250581213 137.675501561096 123.20128403621567 326.3062583958501 311.58636285096577 306.78079075110094 266.63353933657015 -9999.0 -9999.0 -9999.0 -9999.0
-9999.0 -9999.0 -9999.0 105.52411099675426 94.82076607809266 94.12759170251172 95.59933933652057 120.96375653207352 148.76078511179122 120.11373315098243 122.47119229084849 173.9275435927923 221.63353933657018 197.74467162505692 125.53767779197437 143.46128814257136 153.86358755562412 152.1619188028653 108.83843355798076 106.48875370589126 108.2084844705809 106.62889303782572 213.72543869818978 173.67801884675663 134.98565453722702 224.97445289233434 179.97765499825832 134.97446427823112 288.0811113914735 302.26220083489693 6.709836807756929 84.89721827152869 94.09318507522367 90.02551582085312 314.98792438407395 308.7668295005061 304.0047491649492 244.0954598638356 199.7679925122406 192.593234224823 169.1860038458378 157.38024806461874 153.16728262162087 307.39785076524197 325.17569332995134 326.3105621325675 281.30993247402023 213.6900675259798 -9999.0 -9999.0 -9999.0 -9999.0
-9999.0 -9999.0 126.0273733851036 111.80140948635182 99.71325102494029 93.01278750418334 58.62699485989154 60.8323866204222 79.90249561592472 110.44954761079258 115.76932762433871 149.28109573597084 216.9571057664947 211.13031356149497 119.38901146632034 100.33655414649931 129.62329457194926 179.02897806892082 151.89864869403823 117.81429385577523 101.33513681838076 72.23850465344728 45.017664799660224 90.0 315.0771659863582 327.0546261277234 340.7325633635248 357.180904715847 289.90738023186105 246.11367127635523 151.7656050824087 131.66512080947865 131.42359123547723 135.02864072718916 284.81187286020054 282.5729349844299 254.02540742241482 145.3063361858479 170.27401174346292 212.6907728006484 172.8749836510982 126.03232928510214 321.11167404987515 309.14288665495974 312.95448202287355 135.0 184.7636416907262 180.0 -9999.0 -9999.0 -9999.0 -9999.0
-9999.0 -9999.0 127.8749836510982 116.83404347077447 98.93561384258176 29.623748751173814 11.07020257793937 59.48976259388445 89.61023880468194 110.12584608587235 127.28810758734113 144.9041832129739 197.7232366168863 209.05460409907715 184.28915332881905 75.62999848482069 70.90650799951439 111.44719817835426 156.80075089651024 105.25423723727604 77.48889516623646 75.73190252104374 84.13604320488211 81.86989764610458 306.5331606317819 321.9969761451798 331.60718451050474 351.063129345798 357.7219844492781 168.6167524290608 135.83191729351725 126.58465419871189 135.0191193050424 269.76709161007835 245.12220308090008 215.3904217985649 182.58175724435557 170.20161723430488 251.58288961164718 301.3705700712199 66.81524093266664 291.01920057002974 296.19681408659517 276.3385945953612 173.08952473863346 153.9698823788083 203.19859051364818 247.38013505195957 -9999.0 -9999.0 -9999.0 -9999.0
-9999.0 -9999.0 100.61965527615513 109.56378361958265 64.09349200048561 346.9208762199332 30.1243179983612 86.14319901441016 96.12693300549408 91.93058744116699 96.84277341263095 128.2899024505101 167.22866054707433 201.97434116340685 208.0946856158293 166.6754687381092 74.35775354279127 49.61939494922366 8.47114463301483 14.99603377045321 47.36137465817561 62.84122687856846 38.39883890833941 1.5590643090943246 312.26966258028995 306.5276261569141 312.58897025338877 340.0962504626922 37.71104767638987 40.79464299829141 45.81823001925374 57.992361528226894 45.02871249046211 224.8260254956677 220.3013194827006 195.29308884785178 175.60242005561338 225.00205008513993 257.80421279397126 200.5560452195835 153.79988515865267 216.08507304285212 241.9661481085362 195.06848815949223 144.95177296179503 185.71059313749964 257.90440439090025 -9999.0 -9999.0 -9999.0 -9999.0 -9999.0
-9999.0 -9999.0 37.23483398157467 22.503528499767427 359.4212744343922 358.76802259736024 46.481457170887076 66.93848046770647 48.81407483429036 48.88449157005307 53.62735314406524 60.31189676788331 82.18440374689757 205.55185506640123 207.82475338091143 194.15505829629763 169.01674207101456 27.64631518990752 0.0 24.228321057364752 60.03043052343327 48.29033704893231 9.030381401751029 6.374200886511971E-4 337.928070176187 298.91918850183765 280.12467165539783 252.89727103094762 108.43494882292201 118.85566121971652 87.10295623754018 79.93301503350949 73.0889736719548 225.0 261.86989764610456 314.767799530552 359.7668546763853 244.4130302486315 231.72034235958395 174.63928793038747 148.04620793797537 222.75333328343135 222.58049078334366 189.21102654081668 145.43893364275442 206.56390530732273 214.5085229876684 -9999.0 -9999.0 -9999.0 -9999.0 -9999.0
-9999.0 -9999.0 15.422161318738674 359.5755945806385 354.63226315284385 15.47863816541836 47.43664824681012 45.0 24.239035126579097 41.633539336570195 51.40435272638414 53.952593986069374 27.60734437380438 351.6462032138136 14.655621432575273 51.33582440993704 220.23438243376114 268.02561039853686 343.07248693585296 69.92847413546127 67.86450812189965 47.202598161765806 3.215483991748215 347.61924307119284 351.1736290457721 346.8907918018457 321.546290783294 35.53767779197438 101.30601441203615 141.0019397711729 166.65438319673075 126.57029887364203 109.99693413885487 261.86989764610456 270.0 311.46342534741314 337.0566745348257 357.416266511746 11.292303681987619 153.427056150503 162.6428163710027 222.92485048965094 219.19498124362175 204.29486358129543 165.0855900770944 176.90377044107103 188.74616226255523 347.4711922908485 -9999.0 -9999.0 -9999.0 -9999.0
-9999.0 -9999.0 23.96248897457818 346.7293561235963 353.11827636936306 38.99099404250547 58.19061071220685 40.20320103316444 35.0737544933483 67.46902076953455 78.9388175384082 78.09573428450825 0.6160599083992366 340.8518625420604 38.77405862559248 63.08430798630397 60.970260574711055 239.03455824341935 200.5560452195835 105.8323866204222 54.904183212973884 31.504266719204182 352.25528945357706 338.26770481005696 345.3321750962999 356.98721249581666 1.5693548047489827 12.528807709151508 61.38625551738173 78.24032797935426 151.25075285158516 151.9250320356924 135.05732442260614 322.3952629862768 338.0510905564465 336.2026170311216 341.76274538988037 6.406763520212678 25.238461670695514 18.113470665603188 18.440203694837138 56.19985285273165 222.76060097202563 209.7560709585336 160.8865498380743 165.59468195366077 247.43793648049808 249.14554196042167 -9999.0 -9999.0 -9999.0 -9999.0
-9999.0 -9999.0 291.8014094863518 325.5080221402324 359.62056329858103 68.02549200852803 82.84817233835557 94.83041995828994 110.9848978358822 107.47092812754337 103.3924977537511 88.12212255271464 319.5480424091254 340.9743939624313 56.504815326258814 59.14925163171765 46.63741826374715 178.1469104976175 195.60394714505674 191.05641298024818 135.0 352.77568430595466 343.81079374297303 351.46923439005184 151.3895403340348 209.05460409907715 244.9831065219 93.57633437499734 97.96526570789347 94.06592005246954 90.00716779623625 261.86989764610456 299.7616672556425 304.6865159689166 322.23145186347256 331.84475482737287 339.64100887965503 14.184294248270803 32.843243648026636 28.97876506516573 45.01433620580813 53.948593733335954 3.9001465278506515 191.33343963902269 155.62806584072328 246.75150028337129 275.4851356112017 261.46923439005184 233.13010235415598 -9999.0 -9999.0 -9999.0
-9999.0 -9999.0 260.5376777919744 281.30993247402023 51.84277341263094 91.97493401088198 103.87370268548521 128.9204110421615 135.9391909457356 127.27338238090277 109.98310652189998 355.69553103949204 324.5878330248186 351.5156778650296 32.69198418257207 33.936439183993514 38.05618732426667 57.875520139424786 133.02506598911802 195.35013649242444 199.35899417569473 218.246425964469 196.1134182330893 154.31635281950417 153.81684557853546 185.9083320055115 190.52341148148042 162.75787252092817 139.11105073523396 127.10749825417321 135.0143364890073 314.98088707284194 316.13648011467046 306.03173613828676 308.08877288097534 317.3278150890411 332.1403493047577 23.694216382171234 53.642802580004535 68.19859051364818 63.1445137911686 27.101512339221216 22.461922452766615 39.41224355495954 55.20488609266426 260.0410771073232 250.36150202391522 232.27914178011306 143.13010235415598 -9999.0 -9999.0 -9999.0
102.2647737278924 92.48955292199916 233.13010235415598 226.66833744829333 163.42120922452688 113.3728737160832 110.14074530586642 123.4325601384009 124.04593735660167 114.03428815944258 352.04247477308286 331.752866847737 340.82895746552026 356.3165136108395 27.19235216430358 46.252167375203854 59.03624346792647 66.66115082034665 82.10423490570622 150.84389555122684 192.74587659414075 194.88027132372304 178.1532236010583 165.51450734344797 155.7473860079569 173.81595524700154 191.30868918640462 174.55791345301998 138.7251455826255 113.21143939072509 314.9908297408732 325.23722287644085 324.39139577305264 319.6269168873109 322.6604753344663 327.61362745401874 340.48920055628673 54.22988624372772 82.38528805796898 84.52263127117112 55.71312302279104 10.007979801441337 53.67317404787976 74.12740801833948 83.1172985889763 277.1612671844715 247.7573639153487 224.95699592037454 251.565051177078 -9999.0 -9999.0 -9999.0
129.8055710922652 116.93952806380082 172.77568430595466 194.42077312751098 161.0822330031347 127.01794842618835 117.86544888508719 115.7802265740861 81.52885536698517 20.556045219583467 321.5928727075942 324.9546069435557 347.65515955576154 7.883139316729725 38.54753711199749 60.743934777892925 66.62583563495178 75.0841565587752 88.99491399474581 111.0379836064218 184.71035732021085 187.85411565805651 172.93508187549017 168.93125798586846 153.93255570583852 352.8476356745936 331.81448012854804 334.0962931614659 19.744266174222048 27.252998493470955 316.92289712256076 321.64266505259366 324.97270202921277 322.871181936831 332.969139740157 351.7643806757905 74.9315118405078 114.77514056883192 103.80490241212435 90.45113854678728 94.57392125990086 155.13630342824814 126.99527114270714 112.19185498113515 111.89371949405 285.64582836022004 317.8132275947677 0.0 225.0 -9999.0 -9999.0 -9999.0
132.08916217383225 139.44124118943282 156.44773632710536 169.69515353123398 149.62087398863167 119.35768742473827 112.0674562436123 37.647855211086494 31.7594800848128 348.19293657840143 311.0457522844789 313.5236314901869 337.38013505195954 24.984040397117326 52.59464336859144 60.59908580283923 66.05670559070478 69.7131768804659 65.27010483859365 52.27416270481826 36.60520593889728 73.30443575037177 255.91655790119762 324.4474526594601 338.29959353859203 336.8006909358551 345.8251945112966 349.507002988 343.6104596659652 12.807080808132312 328.1638602531109 322.8921267824486 324.9000201831539 322.0283962389496 340.69699972733247 45.540510187130664 89.30130561701652 112.77037890876221 118.673146489435 108.79988515865266 106.63095370672141 131.34777721969365 128.29016319224309 110.597991524917 95.21625370138057 277.7282883909604 299.3604146691148 347.4711922908485 -9999.0 -9999.0 -9999.0 -9999.0
121.70919858871412 143.3929251873925 155.20361516832514 168.55895613123258 148.06931789628217 110.50513231009799 85.69553103949201 324.8004418162501 7.125016348901795 346.0226422045708 313.83679375475884 310.89000203872524 326.65929265352304 37.176289268114736 62.96144076418708 72.85238011860302 75.58989052014424 60.72770781650031 45.29841281999488 45.59372662446321 54.17718800940742 63.80613855246245 297.46836807669854 289.80033725689907 321.33460123201 337.2490236572124 336.19405648154225 358.0908475670036 -9999.0 339.6235647861636 341.1139126302907 327.5288077091515 326.30993247402023 325.8855270546587 321.3401917459099 83.51692630710276 91.78196059032663 99.0329696989711 111.80140948635182 118.61045966596522 98.8067926944353 81.0273733851036 81.21656115013691 89.89516189454181 96.1722356372163 278.1560270050529 291.2817316254265 336.0375110254218 -9999.0 -9999.0 -9999.0 -9999.0
112.61986494804043 128.29016319224309 147.86275101895822 170.48397979503181 158.1459414402472 129.47241554712943 311.4236098889411 316.28014670888274 355.33812690476117 349.2263618122238 325.6739812202225 321.137255949262 335.409882833804 49.17476989191243 71.81913279096922 72.30750352073855 64.88516511385544 50.29008120537127 47.147585428298505 62.97659236492157 76.01885141569399 83.53224828782143 261.2420795256629 227.11905564678787 -9999.0 -9999.0 -9999.0 -9999.0 -9999.0 -9999.0 -9999.0 -9999.0 -9999.0 -9999.0 -9999.0 106.85839876773828 100.73889710090545 86.88915934650923 70.27772223555294 39.28940686250036 35.69005982501396 50.35582504285519 71.08097892097844 81.44113465811274 6.174779782039877 289.5256184787612 293.2431247490549 -9999.0 -9999.0 -9999.0 -9999.0 -9999.0
97.1250163489018 95.59933933652057 105.88385373392107 140.71059313749964 145.22324238423786 331.26020470831196 304.07081937823045 300.1184702968594 329.70830389968273 334.17900802581073 322.5121441030527 324.86580694308435 353.2901631922431 56.45389141609222 65.58791161202247 59.77162149216752 49.02422846827271 37.46493627667188 44.70313333267531 64.58839927402738 71.90598180716209 68.05152052665161 122.00731424443178 196.50436138175502 195.06848815949223 -9999.0 -9999.0 -9999.0 -9999.0 -9999.0 -9999.0 -9999.0 -9999.0 -9999.0 -9999.0 -9999.0 38.99099404250547 58.52831546637269 49.61992348166039 11.534620653644723 14.788677614165167 38.93821121127136 39.2877045020122 19.626640452039737 357.03600312118937 327.18667302039967 296.565051177078 -9999.0 -9999.0 -9999.0 -9999.0 -9999.0
-9999.0 71.56505117707799 66.29735404903376 45.0 353.0465275602754 328.55690150493103 316.1088192796467 306.86989764584405 310.81508387488157 308.71750791183865 303.1297354684121 313.8542371618249 10.856413348062247 58.62699485989154 65.25325178737384 58.36396400137241 46.33221985386964 45.6740368979845 63.98762408787016 71.7849955075022 63.904656035218416 46.72561010680903 30.700250004173967 30.55596427550777 8.130102354155966 -9999.0 -9999.0 -9999.0 -9999.0 -9999.0 -9999.0 -9999.0 -9999.0 -9999.0 -9999.0 -9999.0 80.13419305691563 62.904447506248204 47.89126959622055 357.99044618697883 4.727987818842209 32.234434218941374 28.539985187959964 11.173778859716407 358.02436258392163 345.9637565320735 -9999.0 -9999.0 -9999.0 -9999.0 -9999.0 -9999.0
-9999.0 -9999.0 48.81407483429035 7.236922025968013 350.3112134396332 325.79951586973147 332.39332214691206 338.1985905136482 331.26020470831196 317.3278150890411 297.28420729362307 296.7108416499972 35.86982351772131 75.1515479818221 70.21892289296495 60.65578195884993 65.95577673063218 83.6598082540901 85.77181729483836 71.56505117707799 51.94596762076281 29.357753542791272 18.90457584261165 12.264773727892404 8.130102354155966 -9999.0 -9999.0 -9999.0 -9999.0 -9999.0 -9999.0 -9999.0 -9999.0 -9999.0 -9999.0 -9999.0 79.2157021324374 64.53665493812838 32.275644314577626 358.18169703554815 13.609731895812189 33.550662011499966 25.104568665234353 9.462322208025611 349.2157021324374 3.5763343749973444 -9999.0 -9999.0 -9999.0 -9999.0 -9999.0 -9999.0
-9999.0 -9999.0 -9999.0 24.863696571751873 40.81508387488158 316.193489423982 333.32326128502405 349.05578030093244 334.5922818910515 336.50143432404786 315.0 286.92751306414704 243.434948822922 77.19573393471325 77.84908895908579 84.94977157516719 95.06942013261249 94.8699417162811 65.87464682645003 46.60002471514773 36.07359207326066 9.057888128617648 8.47114463301483 34.07719528013073 -9999.0 -9999.0 -9999.0 -9999.0 -9999.0 -9999.0 -9999.0 -9999.0 -9999.0 -9999.0 -9999.0 -9999.0 -9999.0 50.52754015165617 43.36342295838328 21.370622269343187 33.50343698241422 23.198590513648185 350.1341930569156 348.69006752597977 -9999.0 -9999.0 -9999.0 -9999.0 -9999.0 -9999.0 -9999.0 -9999.0
-9999.0 -9999.0 -9999.0 -9999.0 -9999.0 312.70938995736145 306.15818543980834 11.309932474020215 335.7722546820458 -9999.0 336.8014094863518 -9999.0 -9999.0 105.25511870305778 94.96974072811031 97.85331330197822 91.16913932790742 64.68711619812586 5.710593137499629 7.853313301978218 39.289406862500364 22.93210043758978 -9999.0 -9999.0 -9999.0 -9999.0 -9999.0 -9999.0 -9999.0 -9999.0 -9999.0 -9999.0 -9999.0 -9999.0 -9999.0 -9999.0 -9999.0 -9999.0 -9999.0 66.03751102542182 14.93141717813755 8.775055744479673 20.556045219583467 -9999.0 -9999.0 -9999.0 -9999.0 -9999.0 -9999.0 -9999.0 -9999.0 -9999.0
-9999.0 -9999.0 -9999.0 -9999.0 -9999.0 -9999.0 -9999.0 -9999.0 -9999.0 -9999.0 -9999.0 -9999.0 -9999.0 107.24145939893998 80.8698235177213 74.01908285160506 62.15675609072275 16.313852426260553 340.4633450618716 -9999.0 -9999.0 -9999.0 -9999.0 -9999.0 -9999.0 -9999.0 -9999.0 -9999.0 -9999.0 -9999.0 -9999.0 -9999.0 -9999.0 -9999.0 -9999.0 -9999.0 -9999.0 -9999.0 -9999.0 -9999.0 325.61965527615513 337.2490236572124 33.690067525979785 -9999.0 -9999.0 -9999.0 -9999.0 -9999.0 -9999.0 -9999.0 -9999.0 -9999.0
-9999.0 -9999.0 -9999.0 -9999.0 -9999.0 -9999.0 -9999.0 -9999.0 -9999.0 -9999.0 -9999.0 -9999.0 -9999.0 -9999.0 86.05481377096244 65.69545073406329 52.883139316729725 39.289406862500364 -9999.0 -9999.0 -9999.0 -9999.0 -9999.0 -9999.0 -9999.0 -9999.0 -9999.0 -9999.0 -9999.0 -9999.0 -9999.0 -9999.0 -9999.0 -9999.0 -9999.0 -9999.0 -9999.0 -9999.0 -9999.0 -9999.0 -9999.0 -9999.0 -9999.0 -9999.0 -9999.0 -9999.0 -9999.0 -9999.0 -9999.0 -9999.0 -9999.0 -9999.0
