gridCalculator/out/production/Project/filling_DEM.asc
ncols	218
nrows	236
xllcorner	466515.47101027
yllcorner	2626221.2241437
cellsize	90.0
NODATA_VALUE	-9999
[rows 124 to 154 of 236, columns 70 to 139 of 218]
184.0 190.0 193.0 200.0 217.0 245.0 279.0 307.0 328.0 363.0 388.0 418.0 426.0 408.0 375.0 367.0039999999999 367.0039999999999 379.0 393.0 398.0 404.0 403.0 385.0 386.0 383.0 355.0 350.0 349.0 366.0 372.0 360.0 351.0 347.0 353.0 347.0 331.00199999999995 356.0 377.0 380.0 348.0 320.0 307.0 291.0 277.0 276.0 300.0 315.0 284.0 259.0 235.001 261.0 270.0 242.0 230.0 248.0 281.0 313.0 335.0 391.0 420.0 455.0 481.0 521.0 555.0 582.0 -9999.0 -9999.0 -9999.0 -9999.0 -9999.0
192.0 195.0 210.0 217.0 224.0 257.0 280.0 290.0 328.0 358.0 379.0 385.0 399.0 394.0 367.00299999999993 367.00299999999993 380.0 395.0 399.0 386.0 383.0 390.0 398.0 397.0 369.0 364.0 358.0 341.0 339.0 346.0 339.0 351.0 358.0 370.0 362.0 338.0 379.0 380.0 361.0 342.0 310.0 278.0 257.0 244.0 246.0 289.0 284.0 278.0 255.0 235.0 246.0 234.0 224.0 247.0 276.0 308.0 338.0 365.0 428.0 445.0 469.0 494.0 528.0 561.0 -9999.0 -9999.0 -9999.0 -9999.0 -9999.0 -9999.0
201.0 209.0 232.0 243.0 250.0 256.0 254.0 273.0 326.0 363.0 373.0 361.001 383.0 391.0 367.00199999999995 370.0 385.0 380.0 386.0 368.0 358.0 371.0 378.0 388.0 378.0 379.0 351.0 348.0 336.0 333.0 332.0 350.0 374.0 391.0 362.0 352.0 404.0 391.0 365.0 326.0 296.0 263.0 239.0 227.0 238.0 256.0 246.0 245.0 230.0 208.0 211.0 208.001 231.0 261.0 294.0 328.0 351.0 389.0 451.0 480.0 489.0 507.0 536.0 558.0 -9999.0 -9999.0 -9999.0 -9999.0 -9999.0 -9999.0
225.0 227.0 228.0 228.0 241.0 242.0 240.0 266.0 317.0 369.0 374.0 361.0 374.0 377.0 367.001 379.0 384.0 370.0 364.0 350.0 350.0 358.0 367.0 386.0 391.0 370.0 355.0 366.0 350.0 329.00199999999995 338.0 360.0 388.0 397.0 372.0 382.0 408.0 384.0 342.0 293.0 260.0 237.0 217.0 216.0 224.0 224.0 217.0 212.0 199.0 201.0 208.0 226.0 247.0 281.0 323.0 346.0 363.0 389.0 466.0 491.0 505.0 525.0 549.0 -9999.0 -9999.0 -9999.0 -9999.0 -9999.0 -9999.0 -9999.0
241.0 223.0 208.0 214.0 229.0 222.0 238.0 258.0 313.0 363.0 371.0 357.0 365.0 367.0 380.0 387.0 373.0 353.0 346.0 343.00699999999983 343.00699999999983 347.0 363.0 378.0 385.0 385.0 374.0 365.0 340.0 329.001 343.0 356.0 376.0 396.0 397.0 392.0 374.0 357.0 333.0 293.0 256.0 228.0 211.0 205.0 209.0 196.00400000000002 196.00500000000002 196.00600000000003 196.00700000000003 207.0 230.0 250.0 264.0 297.0 322.0 351.0 362.0 376.0 470.0 493.0 523.0 546.0 -9999.0 -9999.0 -9999.0 -9999.0 -9999.0 -9999.0 -9999.0 -9999.0
229.0 225.0 202.0 199.0 214.0 220.0 238.0 264.0 309.0 350.0 368.0 352.0 353.0 355.0 377.0 360.0 353.001 366.0 361.0 350.0 343.00599999999986 350.0 363.0 359.0 378.0 383.0 361.0 338.0 335.0 329.0 337.0 357.0 377.0 386.0 377.0 350.0 346.0 333.0 312.0 296.0 268.0 244.0 215.0 196.00300000000001 196.00300000000001 202.0 210.0 205.0 203.0 217.0 241.0 266.0 288.0 296.0 314.0 323.0 342.0 373.0 476.0 508.0 527.0 -9999.0 -9999.0 -9999.0 -9999.0 -9999.0 -9999.0 -9999.0 -9999.0 -9999.0
211.0 200.0 187.0 196.0 233.0 254.0 252.0 275.0 318.0 339.0 341.0 341.0 353.0 374.0 357.0 363.0 381.0 397.0 389.0 374.0 346.0 343.0049999999999 346.0 356.0 384.0 364.0 339.0 341.0 341.0 317.0 332.0 360.0 358.0 362.0 348.0 317.0 332.0 316.0 283.0 266.0 250.0 222.0 196.002 196.002 200.0 213.0 221.0 213.0 218.0 240.0 262.0 274.0 275.0 277.0 302.0 320.0 350.0 382.0 480.0 516.0 537.0 -9999.0 -9999.0 -9999.0 -9999.0 -9999.0 -9999.0 -9999.0 -9999.0 -9999.0
190.0 184.0 184.001 201.0 228.0 260.0 273.0 293.0 313.0 305.0 294.0 316.0 337.0 362.0 376.0 369.0 391.0 398.0 373.0 354.0 348.0 343.0049999999999 343.0039999999999 348.0 350.0 346.0 343.0 343.0 317.0 288.00299999999993 323.0 331.0 326.0 339.0 325.0 297.0 296.0 272.0 243.0 236.0 225.0 196.001 196.001 199.0 216.0 213.0 214.0 222.0 229.0 241.0 245.0 253.0 275.0 298.0 323.0 351.0 361.0 381.0 476.0 517.0 537.0 -9999.0 -9999.0 -9999.0 -9999.0 -9999.0 -9999.0 -9999.0 -9999.0 -9999.0
178.03600000000017 195.0 194.0 204.0 228.0 251.0 278.0 295.0 283.0 265.0 277.0 295.0 316.0 355.0 386.0 381.0 392.0 376.0 360.0 366.0 353.0 349.0 352.0 343.00299999999993 343.00199999999995 343.001 350.0 328.0 298.0 288.00199999999995 315.0 310.001 310.001 316.0 295.0 260.0 257.0 240.0 219.0 205.001 205.0 196.0 196.0 199.0 216.0 213.001 214.0 222.0 229.0 241.0 245.0 253.0 275.0 298.0 323.0 351.0 361.0 381.0 476.0 517.0 537.0 -9999.0 -9999.0 -9999.0 -9999.0 -9999.0 -9999.0 -9999.0 -9999.0 -9999.0
178.03500000000017 193.0 204.0 204.0 227.0 253.0 287.0 285.0 254.001 258.0 266.0 291.0 321.0 369.0 373.0 384.0 392.0 385.0 360.001 366.0 353.0 349.0 352.0 343.00299999999993 343.00199999999995 343.00199999999995 350.0 328.0 298.0 288.001 315.0 310.0 310.0 316.0 295.0 260.0 257.0 240.0 219.0 205.0 205.0 198.0 195.0 217.0 235.0 232.0 233.0 244.0 260.0 251.0 254.0 255.0 272.0 297.0 324.0 364.0 390.0 409.0 485.0 522.0 -9999.0 -9999.0 -9999.0 -9999.0 -9999.0 -9999.0 -9999.0 -9999.0 -9999.0 -9999.0
178.03400000000016 193.0 204.0 204.0 227.0 253.0 287.0 285.0 254.0 258.0 266.0 291.0 321.0 369.0 373.0 384.0 392.0 385.0 389.0 372.0 361.0 361.0 344.0 343.00299999999993 358.0 371.0 361.0 329.0 302.0 288.0 290.0 276.0 280.0 295.0 273.0 221.0 226.0 212.0 197.0 195.0 188.0 190.0 208.0 238.0 262.0 258.0 272.0 268.0 282.0 291.0 272.0 267.0 282.0 308.0 318.0 347.0 395.0 423.0 505.0 -9999.0 -9999.0 -9999.0 -9999.0 -9999.0 -9999.0 -9999.0 -9999.0 -9999.0 -9999.0 -9999.0
178.03300000000016 182.0 194.0 201.0 228.0 255.0 274.0 266.0 250.001 251.0 265.0 301.0 344.0 387.0 385.0 395.0 403.0 405.0 398.0 373.0 363.0 350.0 343.0039999999999 360.0 383.0 400.0 390.0 360.0 334.0 317.0 286.0 260.0 268.0 286.0 261.0 198.0 191.0 188.0 187.00900000000004 187.01000000000005 198.0 218.0 222.0 255.0 280.0 294.0 297.0 277.0 299.0 308.0 291.0 284.0 299.0 325.0 348.0 372.0 407.0 444.0 479.0 -9999.0 -9999.0 -9999.0 -9999.0 -9999.0 -9999.0 -9999.0 -9999.0 -9999.0 -9999.0 -9999.0
178.03200000000015 181.0 203.0 216.0 234.0 250.0 260.0 250.0 252.0 266.0 284.0 318.0 339.0 382.0 413.0 417.0 408.0 385.0 373.0 354.0 352.0 353.0 356.0 381.0 402.0 398.0 386.0 365.0 340.0 318.0 269.0 249.0 259.0 265.0 233.0 187.00700000000003 187.00700000000003 187.00800000000004 187.00900000000004 187.01000000000005 212.0 234.0 258.0 277.0 304.0 327.0 320.0 315.0 321.0 320.0 318.0 320.0 342.0 365.0 396.0 429.0 453.0 460.0 -9999.0 -9999.0 -9999.0 -9999.0 -9999.0 -9999.0 -9999.0 -9999.0 -9999.0 -9999.0 -9999.0 -9999.0
183.0 203.0 202.0 204.0 223.0 229.0 235.0 228.0 244.0 262.0 287.0 297.0 342.0 387.0 425.0 414.0 387.0 380.0 376.0 366.0 373.0 382.0 391.0 404.0 391.0 369.0 351.0 339.0 318.0 296.0 263.0 236.0 232.0 229.0 199.0 187.00600000000003 187.00700000000003 195.0 199.0 208.0 210.0 240.0 265.0 291.0 298.0 329.0 357.0 358.0 354.0 353.0 350.0 356.0 379.0 413.0 444.0 463.0 462.0 -9999.0 -9999.0 -9999.0 -9999.0 -9999.0 -9999.0 -9999.0 -9999.0 -9999.0 -9999.0 -9999.0 -9999.0 -9999.0
184.0 188.0 195.0 214.0 222.0 215.0 211.0 230.0 252.0 265.0 269.0 288.0 317.0 386.0 438.0 435.0 427.0 418.0 411.0 409.0 419.0 423.0 414.0 394.0 363.0 334.0 319.0 311.0 292.0 273.0 236.0 218.0 198.0 194.0 187.00500000000002 187.00600000000003 197.0 226.0 229.0 232.0 217.0 228.0 239.0 259.0 288.0 331.0 357.0 357.0 361.0 375.0 378.0 396.0 424.0 449.0 464.0 473.0 -9999.0 -9999.0 -9999.0 -9999.0 -9999.0 -9999.0 -9999.0 -9999.0 -9999.0 -9999.0 -9999.0 -9999.0 -9999.0 -9999.0
178.02900000000014 178.02900000000014 182.0 194.0 195.0 202.0 226.0 252.0 275.0 297.0 304.0 306.0 343.0 430.0 443.0 433.0 435.0 431.0 411.0 403.0 402.0 401.0 387.0 375.0 340.0 321.0 303.0 288.0 264.0 239.0 206.0 192.0 187.00300000000001 187.00400000000002 187.00500000000002 187.00600000000003 195.0 214.0 245.0 259.0 227.0 219.0 237.0 267.0 312.0 360.0 374.0 366.0 374.0 387.0 406.0 428.0 449.0 459.0 -9999.0 -9999.0 -9999.0 -9999.0 -9999.0 -9999.0 -9999.0 -9999.0 -9999.0 -9999.0 -9999.0 -9999.0 -9999.0 -9999.0 -9999.0 -9999.0
178.02800000000013 178.02800000000013 179.0 193.0 212.0 230.0 251.0 264.0 282.0 316.0 350.0 338.0 361.0 435.0 426.0 410.0 404.0 393.0 377.0 357.0 348.0 357.0 362.0 359.0 336.0 314.0 295.0 272.0 240.0 221.0 187.002 187.002 187.00300000000001 192.0 187.00500000000002 189.0 193.0 216.0 248.0 264.0 243.0 229.0 258.0 303.0 356.0 386.0 386.0 374.0 388.0 403.0 433.0 447.0 -9999.0 -9999.0 -9999.0 -9999.0 -9999.0 -9999.0 -9999.0 -9999.0 -9999.0 -9999.0 -9999.0 -9999.0 -9999.0 -9999.0 -9999.0 -9999.0 -9999.0 -9999.0
178.02700000000013 178.02700000000013 185.0 204.0 220.0 239.0 263.0 297.0 322.0 355.0 377.0 369.0 388.0 424.0 402.0 379.0 373.0 354.0 335.0 320.0 324.0 327.0 339.0 328.0 313.0 300.0 277.0 255.0 230.0 204.0 187.001 196.0 207.0 212.0 202.0 208.0 207.0 224.0 257.0 276.0 254.0 245.0 278.0 326.0 379.0 400.0 396.0 388.0 410.0 435.0 458.0 -9999.0 -9999.0 -9999.0 -9999.0 -9999.0 -9999.0 -9999.0 -9999.0 -9999.0 -9999.0 -9999.0 -9999.0 -9999.0 -9999.0 -9999.0 -9999.0 -9999.0 -9999.0 -9999.0
178.02600000000012 178.02600000000012 187.0 205.0 223.0 236.0 263.0 310.0 345.0 376.0 396.0 395.0 402.0 413.0 393.0 366.0 351.0 325.0 299.0 285.0 285.0 286.0 303.0 306.0 293.0 279.0 265.0 251.0 228.0 201.0 187.0 209.0 238.0 238.0 216.0 230.0 223.0 230.0 260.0 274.0 278.0 278.0 314.0 339.0 400.0 410.0 406.0 416.0 432.0 458.0 -9999.0 -9999.0 -9999.0 -9999.0 -9999.0 -9999.0 -9999.0 -9999.0 -9999.0 -9999.0 -9999.0 -9999.0 -9999.0 -9999.0 -9999.0 -9999.0 -9999.0 -9999.0 -9999.0 -9999.0
178.02500000000012 178.02600000000012 197.0 230.0 253.0 271.0 293.0 317.0 346.0 377.0 400.0 421.0 409.0 381.0 371.0 351.0 335.0 308.0 280.0 265.0 258.0 257.0 265.0 284.0 273.0 260.0 233.0 215.0 198.0 178.02700000000013 211.0 244.0 286.0 269.0 227.0 255.0 257.0 231.0 252.0 270.0 304.0 323.0 354.0 383.0 413.0 433.0 436.0 458.0 464.0 469.0 -9999.0 -9999.0 -9999.0 -9999.0 -9999.0 -9999.0 -9999.0 -9999.0 -9999.0 -9999.0 -9999.0 -9999.0 -9999.0 -9999.0 -9999.0 -9999.0 -9999.0 -9999.0 -9999.0 -9999.0
178.02500000000012 194.0 219.0 251.0 267.0 292.0 318.0 335.0 346.0 357.0 393.0 415.0 395.0 351.0 339.0 323.0 299.0 287.0 269.0 254.0 240.0 234.0 248.0 258.0 245.0 227.0 196.0 182.0 178.02600000000012 181.0 213.0 265.0 301.0 292.0 264.0 278.0 288.0 257.0 262.0 285.0 317.0 357.0 397.0 419.0 432.0 453.0 464.0 484.0 476.0 481.0 -9999.0 -9999.0 -9999.0 -9999.0 -9999.0 -9999.0 -9999.0 -9999.0 -9999.0 -9999.0 -9999.0 -9999.0 -9999.0 -9999.0 -9999.0 -9999.0 -9999.0 -9999.0 -9999.0 -9999.0
178.02500000000012 194.0 214.0 243.0 270.0 300.0 327.0 350.0 363.0 378.0 397.0 386.0 381.0 346.0 326.0 316.0 296.0 281.0 268.0 257.0 248.0 227.0 225.0 228.0 219.0 203.0 178.02400000000011 178.02500000000012 199.0 213.0 242.0 291.0 323.0 334.0 305.0 326.0 322.0 297.0 299.0 320.0 353.0 389.0 416.0 441.0 447.0 459.0 462.0 474.0 485.0 485.0 -9999.0 -9999.0 -9999.0 -9999.0 -9999.0 -9999.0 -9999.0 -9999.0 -9999.0 -9999.0 -9999.0 -9999.0 -9999.0 -9999.0 -9999.0 -9999.0 -9999.0 -9999.0 -9999.0 -9999.0
183.0 208.0 226.0 243.0 268.0 302.0 338.0 363.0 369.0 373.0 374.0 358.0 359.0 345.0 320.0 300.0 275.0 260.0 246.0 238.0 237.0 223.0 212.0 208.0 202.0 178.0230000000001 179.0 205.0 227.0 253.0 287.0 321.0 344.0 361.0 358.0 370.0 360.0 352.0 356.0 377.0 407.0 429.0 435.0 445.0 452.0 459.0 462.0 481.0 -9999.0 -9999.0 -9999.0 -9999.0 -9999.0 -9999.0 -9999.0 -9999.0 -9999.0 -9999.0 -9999.0 -9999.0 -9999.0 -9999.0 -9999.0 -9999.0 -9999.0 -9999.0 -9999.0 -9999.0 -9999.0 -9999.0
196.0 211.0 230.0 247.0 274.0 313.0 344.0 355.0 343.0 343.0 342.0 331.0 322.0 326.0 315.0 303.0 289.0 283.0 271.0 257.0 244.0 225.0 209.0 193.0 178.0220000000001 178.0230000000001 202.0 231.0 259.0 300.0 315.0 332.0 360.0 387.0 404.0 427.0 415.0 411.0 423.0 439.0 462.0 472.0 467.0 459.0 463.0 474.0 483.0 -9999.0 -9999.0 -9999.0 -9999.0 -9999.0 -9999.0 -9999.0 -9999.0 -9999.0 -9999.0 -9999.0 -9999.0 -9999.0 -9999.0 -9999.0 -9999.0 -9999.0 -9999.0 -9999.0 -9999.0 -9999.0 -9999.0 -9999.0
218.0 223.0 225.0 246.0 282.0 307.0 325.0 324.0 311.0 312.0 311.0 300.0 311.0 319.0 307.0 303.0 294.0 284.0 262.0 239.0 221.0 202.0 189.0 178.0210000000001 178.0220000000001 200.0 230.0 260.0 296.0 327.0 333.0 361.0 389.0 424.0 433.0 469.0 462.0 458.0 463.0 474.0 490.0 495.0 -9999.0 -9999.0 -9999.0 495.0 -9999.0 -9999.0 -9999.0 -9999.0 -9999.0 -9999.0 -9999.0 -9999.0 -9999.0 -9999.0 -9999.0 -9999.0 -9999.0 -9999.0 -9999.0 -9999.0 -9999.0 -9999.0 -9999.0 -9999.0 -9999.0 -9999.0 -9999.0 -9999.0
223.0 228.0 241.0 263.0 292.0 291.0 275.0 279.0 275.0 279.0 280.0 294.0 307.0 284.0 266.0 260.0 259.0 248.0 232.0 217.0 208.0 183.0 178.0200000000001 179.0 197.0 224.0 256.0 288.0 325.0 359.0 354.0 384.0 424.0 454.0 455.0 495.0 474.0 484.0 488.0 489.0 -9999.0 -9999.0 -9999.0 -9999.0 -9999.0 -9999.0 -9999.0 -9999.0 -9999.0 -9999.0 -9999.0 -9999.0 -9999.0 -9999.0 -9999.0 -9999.0 -9999.0 -9999.0 -9999.0 -9999.0 -9999.0 -9999.0 -9999.0 -9999.0 -9999.0 -9999.0 -9999.0 -9999.0 -9999.0 -9999.0
227.0 237.0 246.0 263.0 269.0 250.0 248.0 243.0 250.0 266.0 290.0 306.0 303.0 260.0 251.0 231.0 220.0 216.0 207.0 192.0 187.0 178.0190000000001 184.0 208.0 227.0 243.0 273.0 302.0 343.0 372.0 384.0 407.0 447.0 470.0 485.0 506.0 504.0 501.0 -9999.0 -9999.0 -9999.0 -9999.0 -9999.0 -9999.0 -9999.0 -9999.0 -9999.0 -9999.0 -9999.0 -9999.0 -9999.0 -9999.0 -9999.0 -9999.0 -9999.0 -9999.0 -9999.0 -9999.0 -9999.0 -9999.0 -9999.0 -9999.0 -9999.0 -9999.0 -9999.0 -9999.0 -9999.0 -9999.0 -9999.0 -9999.0
225.0 225.0 225.0 243.0 252.0 233.0 226.0 237.0 264.0 290.0 306.0 296.0 275.0 249.0 237.0 215.0 198.0 192.0 186.0 178.01700000000008 178.0180000000001 178.0190000000001 197.0 234.0 255.0 269.0 290.0 321.0 367.0 390.0 420.0 441.0 467.0 495.0 513.0 -9999.0 -9999.0 -9999.0 -9999.0 -9999.0 -9999.0 -9999.0 -9999.0 -9999.0 -9999.0 -9999.0 -9999.0 -9999.0 -9999.0 -9999.0 -9999.0 -9999.0 -9999.0 -9999.0 -9999.0 -9999.0 -9999.0 -9999.0 -9999.0 -9999.0 -9999.0 -9999.0 -9999.0 -9999.0 -9999.0 -9999.0 -9999.0 -9999.0 -9999.0 -9999.0
215.0 206.0 213.0 230.0 235.0 224.0 241.0 267.0 294.0 290.0 270.0 259.0 251.0 233.0 226.0 218.0 187.0 178.01600000000008 178.01600000000008 178.01700000000008 188.0 191.0 214.0 248.0 278.0 307.0 332.0 367.0 386.0 390.0 421.0 447.0 474.0 502.0 -9999.0 -9999.0 -9999.0 -9999.0 -9999.0 -9999.0 -9999.0 -9999.0 -9999.0 -9999.0 -9999.0 -9999.0 -9999.0 -9999.0 -9999.0 -9999.0 -9999.0 -9999.0 -9999.0 -9999.0 -9999.0 -9999.0 -9999.0 -9999.0 -9999.0 -9999.0 -9999.0 -9999.0 -9999.0 -9999.0 -9999.0 -9999.0 -9999.0 -9999.0 -9999.0 -9999.0
195.0 194.0 202.0 212.0 212.001 225.0 262.0 279.0 280.0 263.0 237.0 233.0 239.0 207.0 202.0 211.0 185.0 178.01500000000007 178.01600000000008 188.0 212.0 203.0 233.0 272.0 309.0 339.0 355.0 378.0 383.0 400.0 432.0 -9999.0 -9999.0 -9999.0 -9999.0 -9999.0 -9999.0 -9999.0 -9999.0 -9999.0 -9999.0 -9999.0 -9999.0 -9999.0 -9999.0 -9999.0 -9999.0 -9999.0 -9999.0 -9999.0 -9999.0 -9999.0 -9999.0 -9999.0 -9999.0 -9999.0 -9999.0 -9999.0 -9999.0 -9999.0 -9999.0 -9999.0 -9999.0 -9999.0 -9999.0 -9999.0 -9999.0 -9999.0 -9999.0 -9999.0
180.001 191.0 218.0 226.0 239.0 254.0 260.0 254.0 249.0 242.0 232.0 216.0 226.0 202.0 183.0 178.01300000000006 178.01400000000007 178.01500000000007 196.0 224.0 230.0 219.0 243.0 284.0 323.0 352.0 370.0 378.0 388.0 400.0 -9999.0 -9999.0 -9999.0 -9999.0 -9999.0 -9999.0 -9999.0 -9999.0 -9999.0 -9999.0 -9999.0 -9999.0 -9999.0 -9999.0 -9999.0 -9999.0 -9999.0 -9999.0 -9999.0 -9999.0 -9999.0 -9999.0 -9999.0 -9999.0 -9999.0 -9999.0 -9999.0 -9999.0 -9999.0 -9999.0 -9999.0 -9999.0 -9999.0 -9999.0 -9999.0 -9999.0 -9999.0 -9999.0 -9999.0 -9999.0
