gridCalculator/out/production/Project/rainfall_IDWinterpolation.asc
ncols	218
nrows	236
xllcorner	466515.47101027
yllcorner	2626221.2241437
cellsize	90.0
NODATA_VALUE	-9999
[rows 69 to 91 of 236, columns 102 to 152 of 218]
209.1922610393398 209.60908430980788 210.01980682870703 210.423947745546 210.8210624960343 211.2107436049133 211.59262118921518 211.9663631719456 212.33167521933254 212.68830041751926 213.03601870686418 213.37464609384847 213.7040336619711 214.02406640395043 214.33466189806677 214.63576885160109 214.9273655340883 215.20945812254428 215.48207897998938 215.7452848875206 215.99915524892276 216.24379028540076 216.47930923650034 216.70584858170093 -9999.0 -9999.0 -9999.0 -9999.0 -9999.0 -9999.0 -9999.0 -9999.0 -9999.0 -9999.0 -9999.0 -9999.0 -9999.0 -9999.0 -9999.0 -9999.0 -9999.0 -9999.0 -9999.0 -9999.0 -9999.0 -9999.0 -9999.0 -9999.0 -9999.0 -9999.0 -9999.0
209.23831506432697 209.6670788561151 210.08931249404807 210.50451348573216 210.9122186669681 211.31200500939332 211.70349009802402 212.08633229074377 212.4602305752747 212.82492414216762 213.18019169482608 213.52585051953918 213.86175533992463 214.18779698111433 214.5039008694564 214.8100253935095 215.10616015170712 215.39232411131053 215.6685637022149 215.93495086785893 216.19158109397875 216.4385714342827 216.67605855035805 216.90419678129217 217.12315625664183 -9999.0 -9999.0 -9999.0 -9999.0 -9999.0 -9999.0 -9999.0 -9999.0 -9999.0 -9999.0 -9999.0 -9999.0 -9999.0 -9999.0 -9999.0 -9999.0 -9999.0 -9999.0 -9999.0 -9999.0 -9999.0 -9999.0 -9999.0 -9999.0 -9999.0 -9999.0
209.28980917705974 209.73094665425276 210.1650933922474 210.5917243102141 211.01035697653913 211.42055241463186 211.82191554482876 212.21409527686765 212.5967842712687 212.96971839124694 213.3326758694626 213.68547621599066 214.02797889535742 214.36008180138506 214.68171955892947 214.99286168144116 215.29351061267758 215.58369967990237 215.8634909845818 216.13297325499718 216.39225968338644 216.64148576827438 216.88080718059445 217.11039767010095 217.33044702646004 -9999.0 -9999.0 -9999.0 -9999.0 -9999.0 -9999.0 -9999.0 -9999.0 -9999.0 -9999.0 -9999.0 -9999.0 -9999.0 -9999.0 -9999.0 -9999.0 -9999.0 -9999.0 -9999.0 -9999.0 -9999.0 -9999.0 -9999.0 -9999.0 -9999.0 -9999.0
209.34708531113927 209.80104587911296 210.2475215129533 210.68596357806467 211.11586971632534 211.536784641837 211.9483005353394 212.3500570546321 212.7417409826166 213.1230855381708 213.49386937795754 213.85391531945294 214.2030888169661 214.54129622325235 214.86848286952483 215.184630996321 215.48975756682455 215.78391199296465 216.0671738029748 216.33965027716596 216.60147407653 216.85280088649193 217.09380709574825 217.3246875277111 217.54565323967228 217.75692940245432 -9999.0 -9999.0 -9999.0 -9999.0 -9999.0 -9999.0 -9999.0 -9999.0 -9999.0 -9999.0 -9999.0 -9999.0 -9999.0 -9999.0 -9999.0 -9999.0 -9999.0 -9999.0 -9999.0 -9999.0 -9999.0 -9999.0 -9999.0 -9999.0 -9999.0
209.4105060744352 209.877755706723 210.336989978816 210.7876357229373 211.22917001118321 211.66112093112105 212.08306791860502 212.49464166853681 212.895523649019 213.2854452482793 213.66418658684137 214.03157502970214 214.38748343475527 214.7318281744252 215.06456696750288 215.385696557568 215.69525027322504 215.99329550375262 216.2799311217529 216.55528488207216 216.81951082372785 217.0727866988973 217.3153114502648 217.54730275525475 217.7689946529445 217.98063526680713 218.1824846339079 -9999.0 -9999.0 -9999.0 -9999.0 -9999.0 -9999.0 -9999.0 -9999.0 -9999.0 -9999.0 -9999.0 -9999.0 -9999.0 -9999.0 -9999.0 -9999.0 -9999.0 -9999.0 -9999.0 -9999.0 -9999.0 -9999.0 -9999.0 -9999.0
209.4804558306096 209.9614773427968 210.43391400641434 210.897167132925 211.35069260605232 211.79400162491976 212.22666095851707 212.6482927362144 213.0585738042613 213.4572346824795 213.8440581586717 214.21887756062708 214.58157474704598 214.9320778592823 215.27035887558793 215.59643100862428 215.9103459854736 216.21219124734148 216.50208710368378 216.7801838727225 217.0466590373257 217.30171444209878 217.54557355435608 217.77847880847344 218.00068905002553 218.21247709313928 218.41412740167922 218.60593390225938 218.78819793466272 218.96122634306602 -9999.0 -9999.0 -9999.0 -9999.0 -9999.0 -9999.0 -9999.0 -9999.0 -9999.0 -9999.0 -9999.0 -9999.0 -9999.0 -9999.0 -9999.0 -9999.0 -9999.0 -9999.0 -9999.0 -9999.0 -9999.0
209.55734179040525 210.05263504828446 210.53873185071734 211.0150070000024 211.48089460813105 211.9358887925433 212.37954383240944 212.81147381487236 213.2313518064323 213.63890858929182 214.03393100599638 214.41625995811387 214.7857881060536 215.14245731749398 215.4862559113654 215.81721574302347 216.13540917426482 216.44094596929466 216.7339701547816 217.01465687883197 217.28320930020277 217.53985553543885 217.78484568796077 218.0184489795174 218.24095100091836 218.45265109562692 218.6538598866675 218.84489695441 219.02608867016068 219.19776618812256 219.36026359619672 -9999.0 -9999.0 -9999.0 -9999.0 -9999.0 -9999.0 -9999.0 -9999.0 -9999.0 -9999.0 -9999.0 -9999.0 -9999.0 -9999.0 -9999.0 -9999.0 -9999.0 -9999.0 -9999.0 -9999.0
209.6415951004518 210.1516771476895 210.6519057169439 211.14162812112176 211.6202561648393 212.08726677478427 212.5422020343826 212.9846686577655 213.41433694434772 213.83093926034255 214.23426809724225 214.62417375971637 215.0005617365909 215.36338980866054 215.7126649461719 216.0484400470193 216.3708105641632 216.67991106765112 216.97591178302844 217.2590151440112 217.52945239317344 217.78748026019366 218.03337774300195 218.26744301306454 218.489990462096 218.70134790376414 218.90185394048729 219.09185550225052 219.27170556149952 219.4417610256255 219.60238080632388 219.75392406318838 219.8967486172849 -9999.0 -9999.0 -9999.0 -9999.0 -9999.0 -9999.0 -9999.0 -9999.0 -9999.0 -9999.0 -9999.0 -9999.0 -9999.0 -9999.0 -9999.0 -9999.0 -9999.0 -9999.0
209.73367191406646 210.25907700239725 210.77392261995595 211.27752762913775 211.76928105396811 212.24864262342305 212.71514265686514 213.16838133314087 213.6080273918141 214.03381632040626 214.44554808537734 214.84308446696974 215.22634605902581 215.59530899461157 215.95000145686424 216.29050003209647 216.61692595899723 216.92944132393546 217.2282452480653 217.51357010729762 217.78567782139524 218.0448562435811 218.29141567724287 218.52568554165902 218.74801120423757 218.95875099260695 219.15827339607404 219.34695446249128 219.52517539347252 219.69332033816488 219.85177438342674 220.0009217362512 220.14114409261356 -9999.0 -9999.0 -9999.0 -9999.0 -9999.0 -9999.0 -9999.0 -9999.0 -9999.0 -9999.0 -9999.0 -9999.0 -9999.0 -9999.0 -9999.0 -9999.0 -9999.0 -9999.0
209.83405442459338 210.37533392707158 210.90529516691606 211.4232276271754 211.92849715774943 212.4205464057465 212.89889451920243 213.3631361734243 213.81293997679893 214.2480463186805 214.66826472596077 215.07347079719915 215.46360278387274 215.838657887539 216.19868833967172 216.543797327821 216.874134827765 217.18989339665558 217.4913039770139 217.77863175597247 218.0521721185596 218.31224672821472 218.55919976223646 218.79339432459903 219.0152090536022 219.22503493721328 219.4232723447508 219.61032827977746 219.78661385572764 219.95254199288414 220.10852533283798 220.25497436448745 220.39229575393793 220.52089086932222 -9999.0 -9999.0 -9999.0 -9999.0 -9999.0 -9999.0 -9999.0 -9999.0 -9999.0 -9999.0 -9999.0 -9999.0 -9999.0 -9999.0 -9999.0 -9999.0 -9999.0
209.9432518371444 210.50097402221604 211.0465622337718 211.5792756947315 212.09845678716738 212.6035313387611 213.09400810666568 213.56947751712124 214.02960972743068 214.47415208303786 214.90292604650733 215.31582367727827 215.71280374131652 216.09388752839942 216.45915445196584 216.80873750247682 217.14281862029856 217.46162404848133 217.76541971967725 218.05450672503403 218.32921690639452 218.58990860669383 218.83696260719745 219.0707782742902 219.29176993297418 219.5003634791368 219.69699323804247 219.88209907239838 220.05612373976714 220.21951049601643 220.37270093891001 220.51613308381505 220.6502396618004 220.77544662909136 220.89217187588872 -9999.0 -9999.0 -9999.0 -9999.0 -9999.0 -9999.0 -9999.0 -9999.0 -9999.0 -9999.0 -9999.0 -9999.0 -9999.0 -9999.0 -9999.0 -9999.0
210.06180124904873 210.63655089016035 211.19828950007962 211.7462452276177 212.27973681659017 212.79817371155906 213.30105527714227 213.78796919992848 214.25858915099883 214.71267179352324 215.15005322394217 215.57064493700096 215.9744294045752 216.3614553560459 216.73183284423033 217.08572817582467 217.42335877925444 217.74498807603868 218.05092041450905 218.3414961172249 218.61708668589557 218.87809020024238 219.12492694014875 219.35803525377585 219.57786768814563 219.78488739307778 219.97956480434004 220.16237460745316 220.3337929797766 220.49429510526835 220.64435295363984 220.784433313472 220.91499606718082 221.03649269447624 221.14936499009482 221.25404398106127 -9999.0 -9999.0 -9999.0 -9999.0 -9999.0 -9999.0 -9999.0 -9999.0 -9999.0 -9999.0 -9999.0 -9999.0 -9999.0 -9999.0 -9999.0
210.19026840275916 210.78264619488812 211.36106979964183 211.92473556671 212.4729385816467 213.00507254721117 213.52062868584022 214.01919374486096 214.50044719573106 214.96415772533751 215.41017912130806 215.83844565457392 216.24896706133106 216.64182322337308 217.01715864084736 217.37517678515678 217.71613441233285 218.0403359090684 218.34812773501673 218.6398930162147 218.9160463358001 219.17702875976426 219.42330312747282 219.65534962921708 219.87366168621452 220.07874214231472 220.2710997712179 220.45124609827528 220.61969253190773 220.77694779631693 220.92351565443298 221.05989290789452 221.1865676592396 221.30401782033925 221.41270985037465 221.5130977062876 -9999.0 -9999.0 -9999.0 -9999.0 -9999.0 -9999.0 -9999.0 -9999.0 -9999.0 -9999.0 -9999.0 -9999.0 -9999.0 -9999.0 -9999.0
210.32924826726102 210.9398700181423 211.53552323628298 212.11537186226045 212.67868748510716 213.22484894754461 213.75334087056635 214.26375119375356 214.7557678380889 215.22917460497638 215.6838464288329 216.11974410123742 216.53690858254294 216.93545501243767 217.31556652459463 217.67748796268643 218.02151958606248 218.34801084367575 218.6573542847488 218.9499796644928 219.22634829320185 219.48694766745197 219.73228641310664 219.96288956150218 220.17929417262917 220.38204531240288 220.57169238523562 220.74878581808213 220.91387408790155 221.06750108101772 221.21020377010842 221.34251019245823 221.46493771158885 221.57799154338016 221.6821635272384 221.7779311226896 -9999.0 -9999.0 -9999.0 -9999.0 -9999.0 -9999.0 -9999.0 -9999.0 -9999.0 -9999.0 -9999.0 -9999.0 -9999.0 -9999.0 -9999.0
210.4793653950337 211.10886095499586 211.72229700471718 212.31880461115668 212.89763224628493 213.4581450551658 213.99982293148958 214.52225751429094 215.02514823063828 215.50829751610308 215.97160534801833 216.4150632262539 216.83874773288284 217.24281379614862 217.62748777606834 217.99306047930864 218.33988020012814 218.66834587264157 218.97890040781914 219.2720242768415 219.54822939097642 219.80805331726208 220.05205385914692 220.28080402198447 220.49488737498126 220.69489381389536 220.88141572248077 221.0550445253522 221.21636762055113 221.36596567657642 221.50441027592254 221.63226188516535 221.75006813027363 221.85836235501318 221.95766243997807 222.04846985984543 -9999.0 -9999.0 -9999.0 -9999.0 -9999.0 -9999.0 -9999.0 -9999.0 -9999.0 -9999.0 -9999.0 -9999.0 -9999.0 -9999.0 -9999.0
210.64127399117183 211.2902858814182 211.9220648457441 212.53570879389258 213.13044371908774 213.7056225570638 214.2607227297604 214.79534250776803 215.30919633727427 215.80210928419189 216.2740107506521 216.7249276175566 217.15497696191295 217.5643584898125 217.9533468157395 218.3222837070199 218.67157039919047 219.00166007440666 219.3130505811729 219.60627746005707 219.88190732696708 220.14053165326612 220.38276097067688 220.60921951868968 220.8205403431212 221.0173608465924 221.2003187849894 221.37004869840092 221.52717876051932 221.67232802697094 221.80610406040557 221.92910090833536 222.041897408563 222.14505579647997 222.23912058846247 222.32461771594723 -9999.0 -9999.0 -9999.0 -9999.0 -9999.0 -9999.0 -9999.0 -9999.0 -9999.0 -9999.0 -9999.0 -9999.0 -9999.0 -9999.0 -9999.0
210.81565761923548 211.48483931418622 212.1355260528626 212.76678252607473 213.37781319228037 213.9679606430841 214.53670251896023 215.0836471331414 215.60852797377714 216.1111972610843 216.59161873769983 217.0498598673688 217.4860836101033 217.9005399317454 218.29355719317982 218.66553354997228 219.01692847762683 219.34825452154325 219.66006935465015 219.9529682100097 220.22757674079816 220.48454434622147 220.72453798931082 220.94823652128795 221.1563255173324 221.34949262014032 221.52842338059338 221.69379757908547 221.8462860064976 221.98654768035027 222.1152274691922 222.23295409667094 222.3403384958681 222.43797248424352 222.52642772981798 222.6062549799318 -9999.0 -9999.0 -9999.0 -9999.0 -9999.0 -9999.0 -9999.0 -9999.0 -9999.0 -9999.0 -9999.0 -9999.0 -9999.0 -9999.0 -9999.0
211.00322845463043 211.69324226967086 212.3634039337411 213.01274512600133 213.6404500727813 214.24585332053118 214.8284359121697 215.3878201527054 215.92376316249658 216.43614942251747 216.92498251607418 217.39037626628075 217.83254545907766 218.25179632852166 218.64851696536928 219.02316779245598 219.3762722318054 219.70840766948643 220.02019680554497 220.3122994583623 220.58540487590855 220.84022459083718 221.07748584239664 221.29792557581325 221.502285019162 221.69130482876292 221.86572078675272 222.0262600285829 222.17363777365995 222.3085545290351 222.43169373382347 222.54371981073925 222.64527659063413 222.73698607608785 222.8194475107955 222.89323672261628 222.95890570959247 -9999.0 -9999.0 -9999.0 -9999.0 -9999.0 -9999.0 -9999.0 -9999.0 -9999.0 -9999.0 -9999.0 -9999.0 -9999.0 -9999.0
211.20472598071544 211.91624051251944 212.60644361480627 213.27433448523908 213.91907883896678 214.54000597325162 215.13660407562253 215.70851399409966 216.2555217006024 216.77754968364275 217.2746475045704 217.7469817438698 218.19482555134337 218.61854799750392 219.01860340419285 219.39552081132473 219.74989371464534 220.08237018724827 220.39364347600093 220.68444314349819 220.95552680709864 221.20767250928284 221.44167173817377 221.65832310365985 221.85842666316051 222.04277888161255 222.21216820262492 222.36737120181078 222.50914928889426 222.63824592213422 222.75538429672494 222.86126546796166 222.95656686991606 223.04194119101373 223.1180155690906 223.18539107010767 223.24464241661514 223.2963179341743 -9999.0 -9999.0 -9999.0 -9999.0 -9999.0 -9999.0 -9999.0 -9999.0 -9999.0 -9999.0 -9999.0 -9999.0 -9999.0
211.42091500533616 212.15460206804124 212.86540906056166 213.55230361328293 214.2144351361516 214.85113103995818 215.46189102768136 216.04637971259183 216.60441783210888 217.13597232987365 217.64114557411756 218.12016396931156 218.5733662015472 219.00119133741637 219.4041669725682 219.78289760080884 220.13805334860456 220.4703591940477 220.7805847644859 221.06953478366052 221.33804021777604 221.58695015069694 221.81712440159768 222.0294268839176 222.22471969235406 222.40385789476272 222.56768499806043 222.717029051361 222.85269934541049 222.975483664703 223.08614604725273 223.18542500664802 223.2740321715431 223.352651298966 223.42193761958222 223.48251747521502 223.53498821136222 223.5799182900646 -9999.0 -9999.0 -9999.0 -9999.0 -9999.0 -9999.0 -9999.0 -9999.0 -9999.0 -9999.0 -9999.0 -9999.0 -9999.0
211.65258285612555 212.40911385327593 213.14107916126596 213.84741621052586 214.52726087091168 215.17994267259968 215.80497790960064 216.40206092707552 216.97105390518772 217.5119754535218 218.02498832237967 218.510386521996 218.96858211944505 219.40009195730798 219.8055245095287 220.1855670596727 220.54097335622043 220.8725518695833 221.18115474702745 221.46766753524875 221.7329997163784 221.97807608197422 222.20382895118573 222.41119122376847 222.6010902458662 222.77444245632012 222.9321487734803 223.07509067684543 223.20412693408514 223.3200909218353 223.42378848785597 223.51599630245738 223.59746064830813 223.66889659965068 223.73098754437873 223.78438500522697 223.82970871936243 223.86754693883225 -9999.0 -9999.0 -9999.0 -9999.0 -9999.0 -9999.0 -9999.0 -9999.0 -9999.0 -9999.0 -9999.0 -9999.0 -9999.0
211.90053559181774 212.6805772614996 213.43424272358118 214.1604411062451 214.85829814513292 215.52715022171742 216.16653608271787 216.77618659351282 217.35601288869026 217.90609328115488 218.42665927920183 218.91808104048695 219.38085256479587 219.81557689580984 220.2229515674777 220.60375449471167 220.95883047231064 221.28907841140526 221.59543941019058 221.87888572590927 222.1404106883906 222.38101957215858 222.60172142427325 222.80352182858852 222.98741657383093 223.1543861825974 223.3053912507393 223.44136854134442 223.56322777431987 223.67184905110892 223.768080854037 223.8527385609049 223.92660341747222 223.9904219131839 224.0449055086878 224.09073066721152 224.12853914556823 224.15893850433838 -9999.0 -9999.0 -9999.0 -9999.0 -9999.0 -9999.0 -9999.0 -9999.0 -9999.0 -9999.0 -9999.0 -9999.0 -9999.0
212.16559304432113 212.9698025136965 213.74569217921658 214.4921453806722 215.20828185521506 215.89345038262465 216.54721889605486 217.16936247135283 217.75984961602848 218.31882727317475 218.84660493815016 219.34363825892197 219.81051245695767 220.24792586672515 220.6566738503006 221.0376333011465 221.39174790936573 221.72001432091065 222.02346928627946 222.30317786081184 222.56022268921214 222.79569438154425 223.01068296666287 223.20627039171313 223.38352402269595 223.54349109082807 223.68719402215925 223.81562658325112 223.9297507732877 224.0304943923989 224.1187492168891 224.19536971415076 224.26117223302796 224.3169346090255 224.3633961278265 224.40125779490975 -9999.0 -9999.0 -9999.0 -9999.0 -9999.0 -9999.0 -9999.0 -9999.0 -9999.0 -9999.0 -9999.0 -9999.0 -9999.0 -9999.0 -9999.0
