gridCalculator/out/production/Project/rainfall_Kriginginterpolation.asc
ncols	218
nrows	236
xllcorner	466515.47101027
yllcorner	2626221.2241437
cellsize	90.0
NODATA_VALUE	-9999
[rows 184 to 206 of 236, columns 52 to 103 of 218]
0.0 0.0 0.0 -3.12758832816708E24 -3.1535143667022546E24 -3.179440404367623E24 -3.20536644122035E24 -3.231292477319898E24 -3.2572185127280674E24 -3.283144547508988E24 -3.3090705817291133E24 -3.3349966154572285E24 -3.360922648764426E24 -3.3868486817240923E24 -3.4127747144118945E24 -3.438700746905727E24 -3.46462677928569E24 -3.490552811634035E24 -3.5164788440351246E24 -3.542404876575355E24 -3.568330909343107E24 -3.5942569424286596E24 -3.620182975924107E24 -3.6461090099232854E24 -3.672035044521655E24 -3.69796107981621E24 -3.723887115905367E24 -3.749813152888843E24 -3.775739190867528E24 -3.8016652299433727E24 -3.8275912702192225E24 -3.853517311798691E24 -3.8794433547860185E24 -3.905369399285898E24 -3.93129544540333E24 -3.9572214932434513E24 -3.9831475429113804E24 -4.009073594512019E24 -4.034999648149907E24 -4.060925703929028E24 -4.086851761952631E24 -4.112777822323057E24 -4.1387038851415484E24 -4.164629950508068E24 -4.190556018521126E24 -4.216482089277589E24 -4.242408162872502E24 -4.2683342393989196E24 -4.294260318947721E24 0.0 0.0 0.0
0.0 0.0 0.0 -3.1643689261357686E24 -3.190294967008954E24 -3.2162210070591385E24 -3.242147046342896E24 -3.26807308491905E24 -3.293999122848629E24 -3.3199251601949073E24 -3.3458511970233844E24 -3.3717772334017816E24 -3.3977032694000383E24 -3.423629305090266E24 -3.449555340546751E24 -3.475481375845918E24 -3.501407411066265E24 -3.5273334462883556E24 -3.553259481594738E24 -3.5791855170699E24 -3.605111552800199E24 -3.631037588873791E24 -3.6569636253805467E24 -3.682889662411974E24 -3.7088157000611043E24 -3.7347417384224203E24 -3.760667777591724E24 -3.786593817666039E24 -3.81251985874348E24 -3.8384459009231355E24 -3.864371944304926E24 -3.890297988989475E24 -3.916224035077964E24 -3.9421500826719833E24 -3.968076131873375E24 -3.994002182784089E24 -4.019928235506006E24 -4.045854290140785E24 -4.071780346789697E24 -4.0977064055534487E24 -4.1236324665320126E24 -4.1495585298244675E24 -4.1754845955288E24 -4.201410663741763E24 -4.2273367345586676E24 -4.253262808073244E24 -4.2791888843774506E24 -4.3051149635613194E24 0.0 0.0 0.0 0.0
0.0 0.0 0.0 -3.2011495263633556E24 -3.227075569552947E24 -3.253001611964613E24 -3.278927653654344E24 -3.304853694680274E24 -3.3307797351026655E24 -3.356705774983919E24 -3.38263181438858E24 -3.4085578533833057E24 -3.434483892036875E24 -3.460409930420149E24 -3.486335968606043E24 -3.5122620066695186E24 -3.538188044687516E24 -3.5641140827389194E24 -3.5900401209045153E24 -3.615966159266914E24 -3.6418921979105014E24 -3.667818236921359E24 -3.693744276387194E24 -3.7196703163972425E24 -3.745596357042193E24 -3.771522398414073E24 -3.7974484406061606E24 -3.823374483712867E24 -3.849300527829621E24 -3.875226573052747E24 -3.9011526194793415E24 -3.9270786672071394E24 -3.953004716334378E24 -3.978930766959646E24 -4.004856819181758E24 -4.0307828730995827E24 -4.056708928811897E24 -4.0826349864172377E24 -4.108561046013736E24 -4.134487107698951E24 -4.1604131715697134E24 -4.1863392377219605E24 -4.21226530625057E24 -4.2381913772491987E24 -4.264117450810106E24 -4.290043527024015E24 -4.3159696059799243E24 -4.341895687764962E24 0.0 0.0 0.0 0.0
0.0 0.0 -3.212004082524776E24 -3.237930128796784E24 -3.263856174280942E24 -3.2897822190305866E24 -3.315708263101108E24 -3.3416343065499375E24 -3.367560349436556E24 -3.393486391822491E24 -3.419412433771325E24 -3.4453384753486564E24 -3.4712645166221046E24 -3.497190557661283E24 -3.5231165985377666E24 -3.5490426393250724E24 -3.5749686800985923E24 -3.6008947209355817E24 -3.626820761915079E24 -3.652746803117874E24 -3.678672844626419E24 -3.704598886524777E24 -3.730524928898545E24 -3.756450971834758E24 -3.78237701542181E24 -3.8083030597493616E24 -3.8342291049082387E24 -3.860155150990321E24 -3.886081198088443E24 -3.9120072462962587E24 -3.937933295708131E24 -3.96385934641901E24 -3.989785398524288E24 -4.0157114521196765E24 -4.0416375073010503E24 -4.067563564164329E24 -4.093489622805303E24 -4.1194156833195006E24 -4.145341745802033E24 -4.171267810347443E24 -4.197193877049535E24 -4.223119946001241E24 -4.2490460172944476E24 -4.274972091019845E24 -4.300898167266773E24 -4.3268242461230524E24 -4.3527503276748596E24 -4.3786764120065437E24 0.0 0.0 0.0 0.0
0.0 0.0 -3.2487846848822187E24 -3.274710733384383E24 -3.3006367811410603E24 -3.3265628282050426E24 -3.3524888746310906E24 -3.3784149204759233E24 -3.404340965798237E24 -3.4302670106586763E24 -3.456193055119853E24 -3.4821190992463144E24 -3.5080451431045325E24 -3.5339711867628816E24 -3.5598972302916097E24 -3.585823273762803E24 -3.611749317250346E24 -3.637675360829875E24 -3.6636014045787416E24 -3.689527448575937E24 -3.71545349290203E24 -3.741379537639119E24 -3.7673055828707373E24 -3.793231628681781E24 -3.8191576751584253E24 -3.8450837223880284E24 -3.871009770459039E24 -3.896935819460889E24 -3.922861869483889E24 -3.9487879206191225E24 -3.974713972958312E24 -4.0006400265937154E24 -4.026566081617989E24 -4.052492138124051E24 -4.078418196204969E24 -4.1043442559538037E24 -4.130270317463479E24 -4.1561963808266296E24 -4.182122446135466E24 -4.2080485134816227E24 -4.233974582956011E24 -4.259900654648666E24 -4.285826728648611E24 -4.311752805043687E24 -4.33767888392042E24 -4.363604965363877E24 -4.389531049457501E24 -4.415457136282985E24 0.0 0.0 0.0 0.0
0.0 0.0 -3.285565289364168E24 -3.311491340075817E24 -3.337417390082807E24 -3.363343439437377E24 -3.389269488193638E24 -3.415195536407596E24 -3.441121584137146E24 -3.467047631442046E24 -3.4929736783839444E24 -3.5188997250263353E24 -3.5448257714345523E24 -3.5707518176757455E24 -3.596677863818849E24 -3.6226039099345434E24 -3.6485299560952274E24 -3.674456002374963E24 -3.7003820488494294E24 -3.7263080955958665E24 -3.7522341426930096E24 -3.7781601902210314E24 -3.8040862382614685E24 -3.8300122868971323E24 -3.8559383362120403E24 -3.881864386291315E24 -3.9077904372211045E24 -3.933716489088466E24 -3.9596425419812793E24 -3.98556859598813E24 -4.01149465119819E24 -4.037420707701124E24 -4.0633467655869387E24 -4.08927282494588E24 -4.1151988858682883E24 -4.141124948444487E24 -4.1670510127646295E24 -4.1929770789185694E24 -4.2189031469957323E24 -4.2448292170849547E24 -4.2707552892743604E24 -4.296681363651217E24 -4.322607440301784E24 -4.348533519311179E24 -4.374459600763228E24 -4.4003856847403434E24 -4.426311771323361E24 0.0 0.0 0.0 0.0 0.0
0.0 0.0 -3.3223458959217856E24 -3.3482719488220615E24 -3.3741980010570383E24 -3.4001240526783674E24 -3.426050103739514E24 -3.4519761542957584E24 -3.4779022044041756E24 -3.50382825412366E24 -3.529754303514881E24 -3.5556803526402917E24 -3.581606401564099E24 -3.607532450352229E24 -3.633458499072329E24 -3.659384547793703E24 -3.685310596587279E24 -3.711236645525571E24 -3.737162694682625E24 -3.763088744133979E24 -3.78901479395657E24 -3.8149408442286967E24 -3.8408668950299517E24 -3.866792946441114E24 -3.892718998544109E24 -3.9186450514218934E24 -3.9445711051583747E24 -3.9704971598383186E24 -3.996423215547254E24 -4.022349272371342E24 -4.048275330397304E24 -4.074201389712291E24 -4.100127450403754E24 -4.126053512559357E24 -4.1519795762668207E24 -4.177905641613827E24 -4.2038317086878653E24 -4.2297577775761113E24 -4.2556838483653044E24 -4.281609921141608E24 -4.30753599599046E24 -4.3334620729964597E24 -4.35938815224322E24 -4.3853142338132403E24 -4.4112403177877597E24 -4.4371664042466326E24 -4.4630924932682014E24 0.0 0.0 0.0 0.0 0.0
0.0 0.0 -3.3591265045074826E24 -3.385052559575386E24 -3.4109786140159134E24 -3.436904667880128E24 -3.462830721220844E24 -3.488756774092591E24 -3.514682826551652E24 -3.5406088786560196E24 -3.566534930465411E24 -3.592460982041237E24 -3.6183870334465774E24 -3.6443130847461833E24 -3.6702391360064055E24 -3.6961651872951844E24 -3.7220912386820244E24 -3.748017290237919E24 -3.7739433420353193E24 -3.7998693941480834E24 -3.825795446651407E24 -3.8517214996217596E24 -3.877647553136832E24 -3.9035736072754447E24 -3.9294996621174807E24 -3.9554257177437894E24 -3.9813517742361225E24 -4.007277831677015E24 -4.033203890149714E24 -4.059129949738052E24 -4.085056010526372E24 -4.1109820725993933E24 -4.136908136042115E24 -4.162834200939701E24 -4.1887602673773524E24 -4.214686335440194E24 -4.240612405213156E24 -4.2665384767808487E24 -4.292464550227419E24 -4.318390625636442E24 -4.3443167030907966E24 -4.3702427826725077E24 -4.396168864462654E24 -4.422094948541208E24 -4.448021034986932E24 -4.4739471238772305E24 -4.499873215288035E24 -4.525799309293689E24 0.0 0.0 0.0 0.0
0.0 0.0 -3.3959071150748947E24 -3.4218331722892966E24 -3.4477592289128753E24 -3.4736852849960913E24 -3.499611340591084E24 -3.5255373957516523E24 -3.551463450533258E24 -3.5773895049930177E24 -3.6033155591896844E24 -3.6292416131836366E24 -3.6551676670368594E24 -3.6810937208128995E24 -3.707019774576862E24 -3.7329458283953547E24 -3.758871882336461E24 -3.7847979364696906E24 -3.810723990865938E24 -3.836650045597427E24 -3.862576100737635E24 -3.8885021563612646E24 -3.9144282125441534E24 -3.9403542693632127E24 -3.96628032689634E24 -3.9922063852223556E24 -4.018132444420899E24 -4.0440585045723614E24 -4.0699845657577714E24 -4.095910628058719E24 -4.1218366915572306E24 -4.147762756335698E24 -4.173688822476742E24 -4.199614890063114E24 -4.225540959177588E24 -4.251467029902831E24 -4.2773931023213053E24 -4.303319176515133E24 -4.3292452525659907E24 -4.3551713305549594E24 -4.381097410562442E24 -4.4070234926680073E24 -4.432949576950282E24 -4.4588756634868273E24 -4.484801752354012E24 -4.5107278436268935E24 -4.5366539373790976E24 -4.5625800336827077E24 0.0 0.0 0.0 0.0
0.0 0.0 -3.432687727578841E24 -3.4586137869185296E24 -3.484539845702613E24 -3.5104659039809494E24 -3.536391961804995E24 -3.5623180192278006E24 -3.588244076304026E24 -3.6141701330898964E24 -3.6400961896432224E24 -3.6660222460233516E24 -3.691948302291173E24 -3.717874358509068E24 -3.743800414740903E24 -3.7697264710519745E24 -3.7956525275089755E24 -3.821578584179967E24 -3.8475046411343075E24 -3.873430698442622E24 -3.8993567561767333E24 -3.925282814409608E24 -3.951208873215286E24 -3.97713493266881E24 -4.003060992846168E24 -4.0289870538241877E24 -4.0549131156804856E24 -4.080839178493351E24 -4.1067652423416897E24 -4.132691307304901E24 -4.158617373462798E24 -4.184543440895499E24 -4.210469509683333E24 -4.2363955799067344E24 -4.262321651646124E24 -4.288247724981812E24 -4.314173799993876E24 -4.3400998767620495E24 -4.3660259553656125E24 -4.391952035883268E24 -4.4178781183930284E24 -4.443804202972097E24 -4.4697302896967507E24 -4.495656378642224E24 -4.5215824698825926E24 -4.547508563490658E24 -4.5734346595378286E24 -4.599360758094019E24 -4.625286859227536E24 0.0 0.0 0.0
0.0 0.0 -3.4694683419753066E24 -3.4953944034190015E24 -3.521320464341031E24 -3.5472465247906344E24 -3.573172584818582E24 -3.599098644477178E24 -3.625024703820272E24 -3.6509507629032154E24 -3.676876821782865E24 -3.702802880517562E24 -3.7287289391671064E24 -3.754654997792732E24 -3.7805810564570827E24 -3.8065071152241615E24 -3.832433174159312E24 -3.858359233329158E24 -3.8842852928015765E24 -3.910211352645623E24 -3.936137412931502E24 -3.9620634737304865E24 -3.987989535114874E24 -4.0139155971578905E24 -4.039841659933661E24 -4.065767723517093E24 -4.091693787983825E24 -4.1176198534101316E24 -4.1435459198728404E24 -4.1694719874492456E24 -4.1953980562170075E24 -4.221324126254063E24 -4.247250197638526E24 -4.273176270448584E24 -4.2991023447624033E24 -4.3250284206580055E24 -4.3509544982131787E24 -4.3768805775053586E24 -4.402806658611517E24 -4.4287327416080576E24 -4.454658826570707E24 -4.4805849135743834E24 -4.506511002693109E24 -4.532437093999878E24 -4.5583631875665653E24 -4.5842892834637996E24 -4.610215381760867E24 -4.6361414825255927E24 -4.662067585824251E24 0.0 0.0 0.0
-3.4543968295147155E24 -3.4803228941589287E24 -3.50624895822141E24 -3.532175021747798E24 -3.5581010847852167E24 -3.58402714738228E24 -3.6099532095890724E24 -3.635879271457164E24 -3.6618053330395774E24 -3.6877313943907963E24 -3.71365745556674E24 -3.7395835166247443E24 -3.765509577623543E24 -3.79143563862323E24 -3.81736169968525E24 -3.8432877608723376E24 -3.869213822248506E24 -3.895139883878988E24 -3.92106594583019E24 -3.9469920081696546E24 -3.972918070965996E24 -3.9988441342888445E24 -4.0247701982087905E24 -4.0506962627973103E24 -4.076622328126706E24 -4.1025483942700256E24 -4.128474461300996E24 -4.154400529293925E24 -4.180326598323644E24 -4.206252668465399E24 -4.232178739794779E24 -4.2581048123876024E24 -4.284030886319851E24 -4.309956961667547E24 -4.335883038506667E24 -4.361809116913039E24 -4.3877351969622394E24 -4.413661278729484E24 -4.439587362289535E24 -4.4655134477165797E24 -4.49143953508413E24 -4.517365624464922E24 -4.543291715930797E24 -4.569217809552612E24 -4.595143905400109E24 -4.62107000354184E24 -4.646996104045035E24 -4.672922206975523E24 -4.698848312397629E24 0.0 0.0 0.0
-3.491177443542707E24 -3.5171035101836137E24 -3.543029576275376E24 -3.5689556418631183E24 -3.5948817069933967E24 -3.62080777171419E24 -3.6467338360748997E24 -3.672659900126341E24 -3.6985859639207337E24 -3.7245120275116974E24 -3.750438090954214E24 -3.7763641543046266E24 -3.802290217620616E24 -3.828216280961159E24 -3.854142344386512E24 -3.880068407958179E24 -3.905994471738858E24 -3.931920535792416E24 -3.9578466001838306E24 -3.9837726649791654E24 -4.0096987302454805E24 -4.0356247960508097E24 -4.0615508624640894E24 -4.087476929555076E24 -4.113402997394315E24 -4.139329066053049E24 -4.165255135603141E24 -4.1911812061170043E24 -4.2171072776675314E24 -4.2430333503279967E24 -4.2689594241719665E24 -4.294885499273235E24 -4.3208115757057E24 -4.3467376535433054E24 -4.3726637328599204E24 -4.3985898137292514E24 -4.424515896224744E24 -4.450441980419476E24 -4.476368066386076E24 -4.502294154196593E24 -4.528220243922422E24 -4.554146335634189E24 -4.580072429401643E24 -4.605998525293568E24 -4.631924623377677E24 -4.657850723720504E24 -4.683776826387323E24 -4.7097029314420355E24 -4.7356290389470787E24 0.0 0.0 0.0
-3.527958059377093E24 -3.55388412799565E24 -3.57981019609651E24 -3.6057362637242784E24 -3.631662330924933E24 -3.657588397745808E24 -3.683514464235631E24 -3.7094405304444613E24 -3.7353665964237243E24 -3.7612926622261657E24 -3.7872187279058504E24 -3.8131447935181434E24 -3.839070859119676E24 -3.864996924768333E24 -3.8909229905232046E24 -3.9168490564445773E24 -3.942775122593866E24 -3.968701189033605E24 -3.99462725582738E24 -4.020553323039791E24 -4.0464793907364E24 -4.072405458983682E24 -4.0983315278489475E24 -4.1242575974003075E24 -4.1501836677065895E24 -4.17610973883728E24 -4.2020358108624394E24 -4.227961883852649E24 -4.2538879578789136E24 -4.279814033012597E24 -4.305740109325323E24 -4.331666186888914E24 -4.357592265775275E24 -4.3835183460563264E24 -4.409444427803908E24 -4.435370511089677E24 -4.4612965959850247E24 -4.4872226825609747E24 -4.5131487708880875E24 -4.5390748610363663E24 -4.56500095307516E24 -4.5909270470730596E24 -4.6168531430978077E24 -4.642779241216193E24 -4.6687053414939716E24 -4.694631443995743E24 -4.72055754878489E24 -4.746483655923463E24 0.0 0.0 0.0 0.0
-3.564738676978298E24 -3.590664747555408E24 -3.6165908176451675E24 -3.642516887291653E24 -3.6684429565402537E24 -3.694369025437682E24 -3.7202950940319624E24 -3.746221162372415E24 -3.772147230509664E24 -3.7980732984956E24 -3.82399936638338E24 -3.849925434227389E24 -3.8758515020832456E24 -3.901777570007737E24 -3.9277036380588293E24 -3.9536297062955964E24 -3.97955577477821E24 -4.005481843567884E24 -4.031407912726853E24 -4.0573339823182983E24 -4.0832600524063085E24 -4.1091861230558417E24 -4.135112194332639E24 -4.161038266303193E24 -4.1869643390346736E24 -4.2128904125948546E24 -4.2388164870520614E24 -4.2647425624750856E24 0.0 -4.316594716495654E24 -4.342520795232456E24 -4.3684468752134304E24 -4.394372956508563E24 -4.420299039187815E24 -4.446225123321066E24 -4.472151208977997E24 -4.4980772962280243E24 -4.524003385140179E24 -4.549929475783045E24 -4.575855568224641E24 -4.6017816625323475E24 -4.6277077587727974E24 -4.6536338570117977E24 -4.679559957314223E24 -4.705486059743937E24 -4.7314121643636907E24 -4.7573382712350356E24 -4.7832643804182487E24 0.0 0.0 0.0 0.0
-3.6015192963077294E24 -3.627445368824261E24 -3.6533714408827294E24 -3.6792975125266624E24 -3.70522358380087E24 -3.7311496547514305E24 -3.7570757254256693E24 -3.7830017958721794E24 -3.808927866140782E24 -3.834853936282523E24 -3.8607800063496484E24 -3.8867060763955995E24 -3.912632146474973E24 -3.938558216643499E24 -3.9644842869580133E24 -3.9904103574764217E24 -4.0163364282576664E24 -4.042262499361691E24 -4.0681885708493863E24 -4.0941146427825494E24 -4.120040715223848E24 -4.145966788236748E24 -4.17189286188547E24 -4.1978189362349415E24 0.0 0.0 0.0 0.0 0.0 0.0 0.0 0.0 0.0 0.0 0.0 -4.508931907378523E24 -4.5348579969392655E24 -4.56078408814384E24 -4.5867101810589146E24 -4.612636275750604E24 -4.638562372284387E24 -4.664488470725016E24 -4.690414571136431E24 -4.7163406735816635E24 -4.7422667781227535E24 -4.768192884820669E24 -4.794118993735215E24 0.0 0.0 0.0 0.0 0.0
-3.638299917327763E24 -3.6642259917645727E24 -3.6901520657715677E24 -3.716078139391739E24 -3.7420042126693117E24 -3.767930285649714E24 -3.793856358379597E24 -3.8197824309068106E24 -3.8457085032803924E24 -3.8716345755505354E24 -3.897560647768606E24 -3.9234867199871E24 -3.949412792259611E24 -3.9753388646408283E24 -4.001264937186485E24 -4.0271910099533365E24 -4.0531170829991237E24 -4.0790431563825345E24 -4.1049692301631665E24 -4.1308953044014594E24 -4.1568213791586874E24 -4.1827474544968764E24 -4.208673530478763E24 -4.2345996071677383E24 -4.260525684627783E24 0.0 0.0 0.0 0.0 0.0 0.0 0.0 0.0 0.0 0.0 0.0 -4.5716386981048283E24 -4.597564791559217E24 -4.6234908867041375E24 -4.649416983603877E24 -4.6753430823220804E24 -4.70126918292168E24 -4.727195285464824E24 -4.753121390012772E24 -4.7790474966258113E24 -4.80497360536318E24 -4.830899716283E24 0.0 0.0 0.0 0.0 0.0
0.0 -3.7010066163396545E24 -3.726932692275039E24 -3.7528587678503083E24 -3.778784843109102E24 -3.8047109180962124E24 -3.830636992857607E24 -3.856563067440397E24 -3.882489141892832E24 -3.90841521626429E24 -3.9343412906052473E24 -3.960267364967263E24 -3.9861934394029625E24 -4.0121195139659995E24 -4.0380455887110245E24 -4.0639716636936686E24 -4.089897738970494E24 -4.1158238145989704E24 -4.141749890637409E24 -4.1676759671449545E24 -4.193602044181502E24 -4.2195281218076865E24 -4.24545420008479E24 -4.2713802790747175E24 -4.297306358839935E24 0.0 0.0 0.0 0.0 0.0 0.0 0.0 0.0 0.0 0.0 0.0 -4.6084193997113194E24 -4.6343454953740474E24 -4.6602715927076014E24 -4.686197691774482E24 -4.71212379263658E24 -4.738049895355081E24 -4.7639759999903934E24 -4.7899021066020613E24 -4.8158282152486966E24 -4.84175432598788E24 0.0 0.0 0.0 0.0 0.0 0.0
0.0 0.0 -3.7637133203574354E24 -3.789639397866755E24 -3.8155654750847534E24 -3.8414915520555937E24 -3.867417628824553E24 -3.8933437054380157E24 -3.9192697819434683E24 -3.945195858389454E24 -3.9711219348255825E24 -3.997048011302497E24 -4.0229740878718584E24 -4.048900164586302E24 -4.074826241499428E24 -4.100752318665758E24 -4.126678396140705E24 -4.152604473980537E24 -4.178530552242329E24 -4.2044566309839326E24 -4.2303827102639277E24 -4.256308790141572E24 -4.2822348706767473E24 -4.308160951929915E24 -4.334087033962054E24 0.0 0.0 0.0 0.0 0.0 0.0 0.0 0.0 0.0 0.0 0.0 -4.6452001017458545E24 -4.6711261995765526E24 -4.6970522990586184E24 -4.72297840025284E24 -4.748904503219405E24 -4.7748306080178105E24 -4.800756714706804E24 -4.826682823344277E24 -4.85260893398721E24 -4.878535046691593E24 0.0 0.0 0.0 0.0 0.0 0.0
0.0 0.0 0.0 -3.8264200294063893E24 -3.852346108561713E24 -3.878272187493468E24 -3.9041982662462596E24 -3.9301243448657446E24 -3.9560504233986397E24 -3.9819765018926783E24 -4.007902580396615E24 -4.0338286589601914E24 -4.0597547376341113E24 -4.085680816470023E24 -4.1116068955204814E24 -4.137532974838929E24 -4.1634590544796527E24 -4.189385134497742E24 -4.2153112149490725E24 -4.241237295890238E24 -4.267163377378522E24 -4.293089459471849E24 -4.3190155422287356E24 -4.3449416257082396E24 0.0 0.0 0.0 0.0 0.0 0.0 0.0 0.0 0.0 0.0 0.0 0.0 0.0 -4.7079069041553936E24 -4.7338330057469137E24 -4.759759109029732E24 -4.785685214062396E24 -4.811611320902772E24 -4.837537429607996E24 -4.863463540234369E24 0.0 0.0 0.0 0.0 0.0 0.0 0.0 0.0
0.0 0.0 0.0 0.0 0.0 -3.9150528243763853E24 -3.940978905089478E24 -3.9669049856905763E24 -3.99283106622563E24 0.0 -4.044683227286311E24 0.0 0.0 -4.1224614695863906E24 -4.1483875507439086E24 -4.17431363218344E24 -4.200239713958162E24 -4.226165796122025E24 -4.2520918787297153E24 -4.278017961836605E24 -4.303944045498724E24 -4.3298701297726935E24 0.0 0.0 0.0 0.0 0.0 0.0 0.0 0.0 0.0 0.0 0.0 0.0 0.0 0.0 0.0 0.0 0.0 -4.7965398180963063E24 -4.822465925157712E24 -4.848392034003131E24 -4.874318144688139E24 0.0 0.0 0.0 0.0 0.0 0.0 0.0 0.0 0.0
0.0 0.0 0.0 0.0 0.0 0.0 0.0 0.0 0.0 0.0 0.0 0.0 0.0 -4.159242123905563E24 -4.1851682071403687E24 -4.211094290670472E24 -4.2370203745479727E24 -4.2629464588257087E24 -4.2888725435572086E24 0.0 0.0 0.0 0.0 0.0 0.0 0.0 0.0 0.0 0.0 0.0 0.0 0.0 0.0 0.0 0.0 0.0 0.0 0.0 0.0 0.0 -4.859246636497822E24 -4.885172747312336E24 -4.911098859941656E24 0.0 0.0 0.0 0.0 0.0 0.0 0.0 0.0 0.0
0.0 0.0 0.0 0.0 0.0 0.0 0.0 0.0 0.0 0.0 0.0 0.0 0.0 0.0 -4.221948864681379E24 -4.247874950272067E24 -4.2738010362216865E24 -4.2997271225819824E24 0.0 0.0 0.0 0.0 0.0 0.0 0.0 0.0 0.0 0.0 0.0 0.0 0.0 0.0 0.0 0.0 0.0 0.0 0.0 0.0 0.0 0.0 0.0 0.0 0.0 0.0 0.0 0.0 0.0 0.0 0.0 0.0 0.0 0.0
