gridCalculator/out/production/Project/rainfall_Kriginginterpolation.asc
ncols	218
nrows	236
xllcorner	466515.47101027
yllcorner	2626221.2241437
cellsize	90.0
NODATA_VALUE	-9999
[rows 115 to 137 of 236, columns 104 to 155 of 218]
-1.8600944360653507E24 -1.886019981834667E24 -1.9119455357734866E24 -1.937871100859726E24 -1.9637966808446563E24 -1.9897222804522477E24 -2.0156479055943328E24 -2.0415735635564961E24 -2.0674992630588573E24 -2.093425014028736E24 -2.1193508268782762E24 -2.1452767111562844E24 -2.1712026737430005E24 -2.1971287172024534E24 -2.2230548391036353E24 -2.2489810326991934E24 -2.2749072885729482E24 -2.300833596444982E24 -2.3267599465196781E24 -2.3526863302079553E24 -2.3786127403544861E24 -2.404539171176766E24 -2.4304656180791105E24 -2.4563920774373514E24 -2.482318546399376E24 -2.5082450227173336E24 -2.534171504613281E24 -2.560097990674273E24 -2.5860244797715464E24 -2.6119509709985547E24 -2.637877463623463E24 -2.663803957052667E24 -2.689730450802637E24 -2.715656944478078E24 0.0 0.0 0.0 0.0 0.0 0.0 0.0 0.0 0.0 0.0 0.0 0.0 0.0 0.0 0.0 0.0 0.0 0.0
-1.896875004717002E24 -1.9228005724057474E24 -1.9487261502945594E24 -1.974651741478578E24 -2.0005773497403504E24 -2.0265029796768656E24 -2.052428636808711E24 -2.0783543276272151E24 -2.104280059507973E24 -2.1302058403963255E24 -2.1561316781798097E24 -2.182057579743119E24 -2.2079835498665708E24 -2.2339095903074976E24 -2.259835699438612E24 -2.2857618726095132E24 -2.3116881030651719E24 -2.3376143830473413E24 -2.3635407047394628E24 -2.3894670608941042E24 -2.415393445147336E24 -2.4413198521051075E24 -2.4672462772959597E24 -2.493172717061766E24 -2.5190991684305674E24 -2.545025628994559E24 -2.5709520968029947E24 -2.5968785702726003E24 -2.6228050481146684E24 -2.6487315292766206E24 -2.6746580128955394E24 -2.7005844982613583E24 -2.7265109847877026E24 -2.752437471988746E24 0.0 0.0 0.0 0.0 0.0 0.0 0.0 0.0 0.0 0.0 0.0 0.0 0.0 0.0 0.0 0.0 0.0 0.0
-1.9336555988369686E24 -1.9595811885379156E24 -1.9855067901344376E24 -2.0114324067238695E24 -2.0373580419858108E24 -2.0632837002501796E24 -2.089209386531704E24 -2.1151351064962313E24 -2.141060866312832E24 -2.1669866723439136E24 -2.1929125306476443E24 -2.2188384463246105E24 -2.244764422826329E24 -2.270690461414456E24 -2.2966165609546858E24 -2.3225427181227394E24 -2.3484689279450254E24 -2.374395184490019E24 -2.4003214815214822E24 -2.426247812995927E24 -2.452174173372383E24 -2.478100557760186E24 -2.504026961952546E24 -2.5299533823919547E24 -2.555879816102023E24 -2.581806260607977E24 -2.607732713858367E24 -2.6336591741540975E24 -2.659585640086977E24 -2.685512110488026E24 -2.711438584384679E24 -2.7373650609657086E24 -2.7632915395526684E24 -2.7892180195766416E24 0.0 0.0 0.0 0.0 0.0 0.0 0.0 0.0 0.0 0.0 0.0 0.0 0.0 0.0 0.0 0.0 0.0 0.0
-1.9704362152608795E24 -1.9963618267028435E24 -2.0222874513982008E24 -2.0482130923611859E24 -2.074138753081024E24 -2.100064437546989E24 -2.1259901502359592E24 -2.1519158960385113E24 -2.1778416800969593E24 -2.203767507534631E24 -2.2296933830759455E24 -2.2556193105932835E24 -2.2815452926599486E24 -2.307471330216721E24 -2.3333974224477582E24 -2.359323566904588E24 -2.3852497598394397E24 -2.4111759966521785E24 -2.4371022723433233E24 -2.463028581893865E24 -2.488954920535889E24 -2.514881283914425E24 -2.540807668161257E24 -2.566734069907278E24 -2.592660486257321E24 -2.618586914745544E24 -2.644513353283374E24 -2.670439800107242E24 -2.6963662537299815E24 -2.722292712897599E24 -2.74821917655189E24 -2.774145643798656E24 -2.800072113880999E24 -2.825998586157041E24 0.0 0.0 0.0 0.0 0.0 0.0 0.0 0.0 0.0 0.0 0.0 0.0 0.0 0.0 0.0 0.0 0.0 0.0
-2.0072168510971201E24 -2.0331424837481352E24 -2.0590681306942167E24 -2.0849937948092442E24 -2.1109194793428543E24 -2.1368451879169013E24 -2.1627709244867745E24 -2.188696693252427E24 -2.2146224985052447E24 -2.240548344404199E24 -2.2664742346898904E24 -2.2924001723668656E24 -2.3183261594063995E24 -2.344252196532574E24 -2.3701782831440996E24 -2.3961044173923966E24 -2.4220305963954136E24 -2.447956816534751E24 -2.47388307377324E24 -2.499809363940812E24 -2.5257356829582496E24 -2.5516620269902293E24 -2.5775883925342013E24 -2.603514776458993E24 -2.6294411760082726E24 -2.655367588782083E24 -2.6812940127064596E24 -2.707220445998006E24 -2.733146887127835E24 -2.759073334787323E24 -2.784999787856984E24 -2.8109262453789344E24 -2.8368527065329656E24 -2.8627791706159953E24 0.0 0.0 0.0 0.0 0.0 0.0 0.0 0.0 0.0 0.0 0.0 0.0 0.0 0.0 0.0 0.0 0.0 0.0
-2.043997503747574E24 -2.0699231569006946E24 -2.0958488251089113E24 -2.1217745110716734E24 -2.147700217777855E24 -2.1736259484848404E24 -2.1995517066675345E24 -2.2254774959284192E24 -2.251403319862423E24 -2.277329181876747E24 -2.3032550849762144E24 -2.329181031537425E24 -2.3551070231059475E24 -2.381033060254329E24 -2.406959142530924E24 -2.4328852685109804E24 -2.458811435938539E24 -2.4847376419291506E24 -2.5106638831956465E24 -2.5365901562626965E24 -2.5625164576469105E24 -2.5884427839918874E24 -2.614369132158095E24 -2.640295499273781E24 -2.666221882755839E24 -2.6921482803095424E24 -2.7180746899147936E24 -2.7440011098047343E24 -2.769927538440877E24 -2.795853974487482E24 -2.8217804167868337E24 -2.8477068643363686E24 -2.873633316268035E24 -2.899559771830032E24 0.0 0.0 0.0 0.0 0.0 0.0 0.0 0.0 0.0 0.0 0.0 0.0 0.0 0.0 0.0 0.0 0.0 0.0
-2.0807781709071735E24 -2.1067038437481185E24 -2.1326295321620239E24 -2.1585552386574218E24 -2.1844809659601746E24 -2.210406716983214E24 -2.2363324947718795E24 -2.2622583024200935E24 -2.288184142955384E24 -2.3141100191956726E24 -2.3400359335876196E24 -2.365961888043625E24 -2.3918878838001388E24 -2.4178139213205966E24 -2.443740000260815E24 -2.4696661195035283E24 -2.4955922772553547E24 -2.521518471188445E24 -2.5474446986033767E24 -2.5733709565907596E24 -2.5992972421743783E24 -2.6252235524261096E24 -2.6511498845496885E24 -2.677076235935323E24 -2.703002604189912E24 -2.7289289871485536E24 -2.754855382872789E24 -2.780781789640199E24 -2.806708205928938E24 -2.8326346303997703E24 -2.8585610618774275E24 -2.884487499332361E24 -2.9104139418636144E24 0.0 0.0 0.0 0.0 0.0 0.0 0.0 0.0 0.0 0.0 0.0 0.0 0.0 0.0 0.0 0.0 0.0 0.0 0.0
-2.1175588505499304E24 -2.1434845422081193E24 -2.1694102497543975E24 -2.1953359755023402E24 -2.221261721924356E24 -2.247187491617452E24 -2.2731132872498462E24 -2.2990391114862465E24 -2.324964966891941E24 -2.350890855819498E24 -2.3768167802862125E24 -2.4027427418547019E24 -2.428668741531759E24 -2.454594779700281E24 -2.4805208560952026E24 -2.506446969827499E24 -2.5323731194521934E24 -2.5582993030694494E24 -2.5842255184439105E24 -2.6101517631271994E24 -2.636078034571175E24 -2.6620043302237846E24 -2.687930647603758E24 -2.7138569843539595E24 -2.739783338275604E24 -2.765709707346715E24 -2.791636089728512E24 -2.8175624837631777E24 -2.843488887965853E24 -2.86941530101319E24 -2.8953417217300763E24 -2.921268149075754E24 0.0 0.0 0.0 0.0 0.0 0.0 0.0 0.0 0.0 0.0 0.0 0.0 0.0 0.0 0.0 0.0 0.0 0.0 0.0 0.0
-2.1543395409072854E24 -2.1802652504928884E24 -2.2061909761155294E24 -2.2321167198980394E24 -2.2580424840756189E24 -2.2839682709609975E24 -2.3098940828949013E24 -2.3358199221811172E24 -2.361745791007373E24 -2.3876716913556724E24 -2.4135976249086402E24 -2.4395235929607674E24 -2.4654495963447974E24 -2.4913756353829E24 -2.5173017098695214E24 -2.5432278190884885E24 -2.569153961861775E24 -2.5950801366230826E24 -2.6210063415065363E24 -2.6469325744403167E24 -2.6728588332362696E24 -2.698785115669017E24 -2.72471141954086E24 -2.7506377427312983E24 -2.776564083231885E24 -2.8024904391682155E24 -2.828416808811484E24 -2.8543431905819917E24 -2.8802695830468574E24 -2.906195984913797E24 -2.9321223950224486E24 0.0 0.0 0.0 0.0 0.0 0.0 0.0 0.0 0.0 0.0 0.0 0.0 0.0 0.0 0.0 0.0 0.0 0.0 0.0 0.0 0.0
-2.191120240442944E24 -2.2170459670727713E24 -2.2429717097547467E24 -2.2688974704302678E24 -2.294823251116792E24 -2.3207490538743645E24 -2.3466748807610423E24 -2.372600733777347E24 -2.3985266148013007E24 -2.4244525255172823E24 -2.4503784673438123E24 -2.4763044413666696E24 -2.502230448284375E24 -2.5281564883724573E24 -2.554082561470981E24 -2.5800086669969836E24 -2.605934803980173E24 -2.63186097111741E24 -2.6577871668395596E24 -2.683713389383694E24 -2.7096396368641946E24 -2.7355659073377244E24 -2.761492198858759E24 -2.787418509524177E24 -2.8133448375067463E24 -2.839271181078398E24 -2.865197538624709E24 -2.89112390865225E24 -2.917050289790458E24 -2.9429766807894716E24 -2.968903080515235E24 0.0 0.0 0.0 0.0 0.0 0.0 0.0 0.0 0.0 0.0 0.0 0.0 0.0 0.0 0.0 0.0 0.0 0.0 0.0 0.0 0.0
-2.2279009478269176E24 -2.2538266906417481E24 -2.2797524494177383E24 -2.305678225927E24 -2.331604021989697E24 -2.357529839442991E24 -2.3834556801017058E24 -2.4093815457112196E24 -2.435307437894213E24 -2.461233358093975E24 -2.4871593075182116E24 -2.5130852870879795E24 -2.5390112973966855E24 -2.564937338683459E24 -2.590863410823913E24 -2.6167895133393613E24 -2.6427156454234226E24 -2.6686418059830066E24 -2.6945679936893544E24 -2.720494207034233E24 -2.746420444386611E24 -2.7723467040459294E24 -2.7982729842892127E24 -2.824199283410427E24 -2.850125599751584E24 -2.8760519317258177E24 -2.901978277833235E24 -2.927904636670648E24 -2.9538310069363136E24 -2.979757387430842E24 0.0 0.0 0.0 0.0 0.0 0.0 0.0 0.0 0.0 0.0 0.0 0.0 0.0 0.0 0.0 0.0 0.0 0.0 0.0 0.0 0.0 0.0
-2.2646816619104774E24 -2.2906074200860097E24 -2.3165331940489027E24 -2.3424589854154124E24 -2.3683847958284806E24 -2.394310626929587E24 -2.4202364803244375E24 -2.4461623575432314E24 -2.472088259996953E24 -2.498014188931979E24 -2.523940145385936E24 -2.5498661301482623E24 -2.575792143728911E24 -2.6017181863382003E24 -2.627644257879855E24 -2.653570357957961E24 -2.6794964858970974E24 -2.7054226407736333E24 -2.731348821455163E24 -2.7572750266446526E24 -2.7832012549258464E24 -2.809127504806985E24 -2.8350537747605845E24 -2.860980063257771E24 -2.886906368796506E24 -2.912832689923601E24 -2.9387590252509024E24 -2.9646853734662947E24 -2.9906117333403386E24 -3.01653810372936E24 0.0 0.0 0.0 0.0 0.0 0.0 0.0 0.0 0.0 0.0 0.0 0.0 0.0 0.0 0.0 0.0 0.0 0.0 0.0 0.0 0.0 0.0
-2.3014623817029134E24 -2.3273881544561075E24 -2.353313942759302E24 -2.3792397480865744E24 -2.4051655719225933E24 -2.431091415737452E24 -2.457017280956985E24 -2.482943168929311E24 -2.5088690808889107E24 -2.534795017920038E24 -2.560720980921765E24 -2.586646970577168E24 -2.612572987329131E24 -2.63849903136488E24 -2.664425102610669E24 -2.6903512007370994E24 -2.7162773251745895E24 -2.7422034751375753E24 -2.7681296496553413E24 -2.7940558476069954E24 -2.8199820677580673E24 -2.845908308796489E24 -2.8718345693660766E24 -2.897760848096284E24 -2.9236871436274387E24 -2.949613454631219E24 -2.975539779826471E24 -3.00146611799074E24 -3.0273924679680265E24 0.0 0.0 0.0 0.0 0.0 0.0 0.0 0.0 0.0 0.0 0.0 0.0 0.0 0.0 0.0 0.0 0.0 0.0 0.0 0.0 0.0 0.0 0.0
-2.3382431063505416E24 -2.364168892942708E24 -2.390094694799663E24 -2.4160205132666282E24 -2.441946349687411E24 -2.467872205382138E24 -2.4937980816216894E24 -2.5197239795995555E24 -2.5456499004021846E24 -2.5715758449793544E24 -2.5975018141162344E24 -2.6234278084090664E24 -2.6493538282462346E24 -2.6752798737962575E24 -2.70120594500365E24 -2.727132041593073E24 -2.7530581630813663E24 -2.778984308796493E24 -2.804910477901895E24 -2.83083666942444E24 -2.856762882284116E24 -2.882689115323707E24 -2.908615367337008E24 -2.934541637094459E24 -2.960467923365514E24 -2.986394224937352E24 -3.012320540629917E24 -3.038246869307445E24 0.0 0.0 0.0 0.0 0.0 0.0 0.0 0.0 0.0 0.0 0.0 0.0 0.0 0.0 0.0 0.0 0.0 0.0 0.0 0.0 0.0 0.0 0.0 0.0
-2.3750238351180867E24 -2.4009496348557279E24 -2.4268754495378255E24 -2.452801280393305E24 -2.478727128640865E24 -2.504652995469388E24 -2.530578882015985E24 -2.5565047893422813E24 -2.582430718409886E24 -2.6083566700562216E24 -2.634282644972035E24 -2.6602086436820125E24 -2.68613466652982E24 -2.712060713668648E24 -2.7379867850579846E24 -2.763912880466867E24 -2.789838999483372E24 -2.815765141529603E24 -2.841691305881117E24 -2.8676174916894493E24 -2.8935436980063414E24 -2.919469923808327E24 -2.945396168020519E24 -2.971322429538657E24 -2.997248707248787E24 -3.023175000044185E24 -3.0491013068393773E24 0.0 0.0 0.0 0.0 0.0 0.0 0.0 0.0 0.0 0.0 0.0 0.0 0.0 0.0 0.0 0.0 0.0 0.0 0.0 0.0 0.0 0.0 0.0 0.0 0.0
-2.411804567372359E24 -2.4377303796065243E24 -2.46365620643991E24 -2.489582048996784E24 -2.5155079083848073E24 -2.541433785677898E24 -2.567359681897376E24 -2.59328559799196E24 -2.619211534817383E24 -2.645137493116562E24 -2.6710634735013583E24 -2.696989476436989E24 -2.7229155022300866E24 -2.748841551021174E24 -2.7747676227821276E24 -2.800693717318759E24 -2.826619834278363E24 -2.852545973161721E24 -2.878472133338725E24 -2.904398314066673E24 -2.9303245145101645E24 -2.9562507337615524E24 -2.9821769708610334E24 -3.0081032248155934E24 -3.034029494616266E24 -3.0599557792532907E24 -3.0858820777290296E24 0.0 0.0 0.0 0.0 0.0 0.0 0.0 0.0 0.0 0.0 0.0 0.0 0.0 0.0 0.0 0.0 0.0 0.0 0.0 0.0 0.0 0.0 0.0 0.0 0.0
-2.4485853025680663E24 -2.4745111266927473E24 -2.500436965054676E24 -2.526362818684077E24 -2.55228868859007E24 -2.5782145757457097E24 -2.604140481071794E24 -2.6300664054199567E24 -2.655992349555651E24 -2.6819183141418E24 -2.7078442997238763E24 -2.733770306717285E24 -2.759696335397728E24 -2.785622385895178E24 -2.811548458191844E24 -2.8374745521242567E24 -2.863400667389348E24 -2.889326803554118E24 -2.91525296006834E24 -2.941179136279521E24 -2.9671053314493356E24 -2.9930315447707116E24 -3.018957775384848E24 -3.0448840223974967E24 -3.0708102848940503E24 -3.096736561953066E24 -3.1226628526580347E24 0.0 0.0 0.0 0.0 0.0 0.0 0.0 0.0 0.0 0.0 0.0 0.0 0.0 0.0 0.0 0.0 0.0 0.0 0.0 0.0 0.0 0.0 0.0 0.0 0.0
-2.485366040235562E24 -2.511291875685514E24 -2.5372177250004884E24 -2.563143589126263E24 -2.589069468984444E24 -2.61499536545942E24 -2.6409212793844506E24 -2.666847211527336E24 -2.6927731625761553E24 -2.7186991331256973E24 -2.744625123665195E24 -2.7705511345680174E24 -2.7964771660838357E24 -2.8224032183337574E24 -2.848329291308686E24 -2.874255384871014E24 -2.900181498759561E24 -2.926107632597448E24 -2.952033785902494E24 -2.9779599580995377E24 -3.003886148534094E24 -3.029812356486701E24 -3.055738581187358E24 -3.08166482182954E24 -3.1075910775833814E24 -3.1335173476076823E24 -3.1594436310605764E24 0.0 0.0 0.0 0.0 0.0 0.0 0.0 0.0 0.0 0.0 0.0 0.0 0.0 0.0 0.0 0.0 0.0 0.0 0.0 0.0 0.0 0.0 0.0 0.0 0.0
-2.522146779970284E24 -2.548072626218542E24 -2.573998485954465E24 -2.5999243600479987E24 -2.625850249342936E24 -2.651776154645549E24 -2.6777020767126186E24 -2.70362801623925E24 -2.7295539738468695E24 -2.755479950071904E24 -2.7814059453556426E24 -2.80733196003573E24 -2.833257994339779E24 -2.8591840483813953E24 -2.8851101221588367E24 -2.9110362155564204E24 -2.9369623283485586E24 -2.9628884602062237E24 -2.988814610705521E24 -3.014740779337912E24 -3.0406669655216156E24 -3.06659316861371E24 -3.0925193879224297E24 -3.118445622719244E24 -3.144371872250368E24 -3.1702981357474087E24 0.0 0.0 0.0 0.0 0.0 0.0 0.0 0.0 0.0 0.0 0.0 0.0 0.0 0.0 0.0 0.0 0.0 0.0 0.0 0.0 0.0 0.0 0.0 0.0 0.0 0.0
-2.5589275214236884E24 -2.5848533779789625E24 -2.6107792476434276E24 -2.6367051312188924E24 -2.6626310294798597E24 -2.688556943163607E24 -2.714482872959875E24 -2.7404088195004734E24 -2.7663347833491324E24 -2.7922607649920225E24 -2.818186764829297E24 -2.844112783168064E24 -2.870038820217112E24 -2.895964876083638E24 -2.9218909507721756E24 -2.947817044185741E24 -2.973743156129166E24 -2.9996692863144655E24 -3.025595434367937E24 -3.0515215998386914E24 -3.077447782208248E24 -3.103373980900766E24 -3.129300195293558E24 -3.155226424727521E24 -3.181152668517194E24 0.0 0.0 0.0 0.0 0.0 0.0 0.0 0.0 0.0 0.0 0.0 0.0 0.0 0.0 0.0 0.0 0.0 0.0 0.0 0.0 0.0 0.0 0.0 0.0 0.0 0.0 0.0
-2.5957082642954683E24 -2.6216341306995346E24 -2.647560009836323E24 -2.6734859024463664E24 -2.6994118092423523E24 -2.7253377309004615E24 -2.751263668051472E24 -2.777189621271852E24 -2.8031155910751634E24 -2.829041577904063E24 -2.8549675821232234E24 -2.880893604013481E24 -2.9068196437674547E24 -2.932745701486844E24 -2.9586717771815473E24 -2.984597870770618E24 -3.010523982085054E24 -3.03645011087224E24 -3.0623762568019077E24 -3.088302419473287E24 -3.114228598423203E24 -3.140154793134788E24 -3.1660810030464913E24 -3.1920072275611067E24 -3.2179334660545634E24 0.0 0.0 0.0 0.0 0.0 0.0 0.0 0.0 0.0 0.0 0.0 0.0 0.0 0.0 0.0 0.0 0.0 0.0 0.0 0.0 0.0 0.0 0.0 0.0 0.0 0.0 0.0
-2.6324890083268846E24 -2.658414884152045E24 -2.6843407723378795E24 -2.710266673569742E24 -2.7361925885050567E24 -2.762118517765758E24 -2.788044461930585E24 -2.813970421527435E24 -2.839896397026044E24 -2.8658223888312084E24 -2.8917483972768317E24 -2.917674422621017E24 -2.9436004650424077E24 -2.9695265246379486E24 -2.9954526014221494E24 -3.0213786953279E24 -3.047304806208794E24 -3.073230933842873E24 -3.0991570779376163E24 -3.125083238136E24 -3.151009414023355E24 -3.176935605134814E24 -3.202861810963058E24 -3.228788030966154E24 0.0 0.0 0.0 0.0 0.0 0.0 0.0 0.0 0.0 0.0 0.0 0.0 0.0 0.0 0.0 0.0 0.0 0.0 0.0 0.0 0.0 0.0 0.0 0.0 0.0 0.0 0.0 0.0
-2.669269753295046E24 -2.695195638141721E24 -2.721121534983277E24 -2.7470474444553025E24 -2.7729733671657163E24 -2.79889930368815E24 -2.824825254555261E24 -2.8507512202521506E24 -2.8766772012100997E24 -2.9026031978008085E24 -2.9285292103313563E24 -2.954455239040068E24 -2.9803812840934417E24 -3.006307345584277E24 -3.0322334235310605E24 -3.0581595178786663E24 -3.084085628500309E24 -3.110011755200704E24 -3.1359378977202915E24 -3.161864055740376E24 -3.1877902288889785E24 -3.213716416747214E24 -3.239642618855989E24 0.0 0.0 0.0 0.0 0.0 0.0 0.0 0.0 0.0 0.0 0.0 0.0 0.0 0.0 0.0 0.0 0.0 0.0 0.0 0.0 0.0 0.0 0.0 0.0 0.0 0.0 0.0 0.0 0.0
