gridCalculator/out/production/Project/rainfall_Kriginginterpolation.asc
ncols	218
nrows	236
xllcorner	466515.47101027
yllcorner	2626221.2241437
cellsize	90.0
NODATA_VALUE	-9999
[rows 161 to 183 of 236, columns 52 to 103 of 218]
-2.2038573867305098E24 -2.2297833749729626E24 -2.255709360499104E24 -2.281635343347174E24 -2.3075613235604413E24 -2.3334873011874487E24 -2.3594132762822533E24 -2.3853392489046507E24 -2.4112652191204168E24 -2.4371911870014886E24 -2.463117152626177E24 -2.48904311607933E24 -2.5149690774524854E24 -2.540895036844002E24 -2.566820994359169E24 -2.592746950110288E24 -2.618672904216717E24 -2.6445988568049154E24 -2.6705248080084257E24 -2.696450757967854E24 -2.722376706830808E24 -2.7483026547518044E24 -2.774228601892161E24 -2.800154548419846E24 -2.826080494509304E24 -2.8520064403412585E24 -2.8779323861024864E24 -2.9038583319855625E24 -2.9297842781885836E24 -2.955710224914862E24 -2.981636172372609E24 -3.0075621207745745E24 -3.03348807033768E24 -3.0594140212826285E24 -3.0853399738334685E24 -3.1112659282171863E24 -3.137191884663208E24 -3.1631178434029485E24 -3.1890438046692864E24 -3.214969768696054E24 -3.240895735717485E24 -3.2668217059676473E24 -3.292747679679877E24 -3.3186736570861474E24 -3.344599638416493E24 -3.3705256238983453E24 0.0 0.0 0.0 0.0 0.0 0.0
-2.2406379072586707E24 -2.2665638978137132E24 -2.2924898857542727E24 -2.3184158711205014E24 -2.3443418539574184E24 -2.3702678343151436E24 -2.396193812249121E24 -2.422119787820326E24 -2.448045761095466E24 -2.473971732147166E24 -2.4998977010541486E24 -2.5258236679013863E24 -2.551749632780232E24 -2.577675595788543E24 -2.6036015570307696E24 -2.6295275166180266E24 -2.6554534746681357E24 -2.6813794313056483E24 -2.7073053866618374E24 -2.7332313408746654E24 -2.759157294088718E24 -2.7850832464551215E24 -2.811009198131425E24 -2.8369351492814555E24 -2.862861100075159E24 -2.8887870506883957E24 -2.91471300130273E24 -2.940638952105174E24 -2.966564903287931E24 -2.992490855048104E24 -3.0184168075873664E24 -3.044342761111639E24 -3.0702687158307236E24 -3.096194671957922E24 -3.1221206297096363E24 -3.1480465893049436E24 -3.1739725509651494E24 -3.1998985149133325E24 -3.2258244813738417E24 -3.25175045057182E24 -3.277676422732656E24 -3.303602398081464E24 -3.3295283768425233E24 -3.3554543592387034E24 -3.3813803454908793E24 0.0 0.0 0.0 0.0 0.0 0.0 0.0
-2.2774184316772903E24 -2.3033444245584465E24 -2.3292704149239634E24 -2.3551964028156967E24 -2.3811223882802242E24 -2.4070483713690547E24 -2.4329743521388273E24 -2.4589003306515087E24 -2.4848263069745717E24 -2.5107522811811715E24 -2.536678253350291E24 -2.562604223566885E24 -2.5885301919220067E24 -2.6144561585129015E24 -2.640382123443096E24 -2.666308086822446E24 -2.692234048767187E24 -2.718160009399934E24 -2.7440859688496835E24 -2.770011927251755E24 -2.795937884747749E24 -2.821863841485446E24 -2.8477897976186934E24 -2.8737157533072786E24 -2.899641708716748E24 -2.9255676640182287E24 -2.951493619388214E24 -2.977419575008323E24 -3.0033455310650506E24 -3.029271487749474E24 -3.0551974452569574E24 -3.081123403786814E24 -3.1070493635419835E24 -3.132975324728633E24 -3.1589012875557907E24 -3.184827252234929E24 -3.210753218979547E24 -3.236679188004711E24 -3.262605159526598E24 -3.288531133762012E24 -3.3144571109278866E24 -3.3403830912407734E24 -3.3663090749162997E24 -3.392235062168638E24 -3.41816105320995E24 0.0 0.0 0.0 0.0 0.0 0.0 0.0
-2.3141989599026905E24 -2.3401249551208845E24 -2.3660509479193457E24 -2.3919769383414447E24 -2.417902926435138E24 -2.4438289122531425E24 -2.469754895853124E24 -2.495680877297874E24 -2.521606856655474E24 -2.547532833999453E24 -2.5734588094089196E24 -2.599384782968696E24 -2.625310754769419E24 -2.6512367249076245E24 -2.677162693485842E24 -2.70308866061261E24 -2.7290146264025284E24 -2.754940590976258E24 -2.780866554460498E24 -2.8067925169879545E24 -2.8327184786972625E24 -2.858644439732913E24 -2.8845704002451286E24 -2.910496360389728E24 -2.936422320327978E24 -2.9623482802263905E24 -2.988274240256537E24 -3.0142002005947995E24 -3.0401261614221376E24 -3.0660521229238053E24 -3.0919780852890557E24 -3.1179040487108396E24 -3.143830013385455E24 -3.169755979512203E24 -3.195681947293012E24 -3.2216079169320425E24 -3.247533888635286E24 -3.2734598626101184E24 -3.2993858390648753E24 -3.3253118182083827E24 -3.351237800249472E24 -3.3771637853965046E24 -3.4030897738568553E24 -3.4290157658364034E24 -3.454941761538998E24 0.0 0.0 0.0 0.0 0.0 0.0 0.0
-2.3509794918523989E24 -2.3769054894161228E24 -2.402831484653126E24 -2.428757477608139E24 -2.454683468330321E24 -2.4806094568734315E24 -2.5065354432960016E24 -2.532461427661497E24 -2.5583874100384675E24 -2.5843133905006754E24 -2.610239369127232E24 -2.6361653460027147E24 -2.6620913212172435E24 -2.6880172948665707E24 -2.71394326705214E24 -2.739869237881132E24 -2.765795207466472E24 -2.791721175926844E24 -2.817647143386654E24 -2.8435731099759994E24 -2.869499075830597E24 -2.895425041091692E24 -2.921351005905946E24 -2.947276970425313E24 -2.9732029348068717E24 -2.999128899212649E24 -3.0250548638094256E24 -3.0509808287685136E24 -3.0769067942655E24 -3.1028327604800043E24 -3.128758727595388E24 -3.1546846957984376E24 -3.180610665279062E24 -3.2065366362299445E24 -3.232462608846171E24 -3.258388583324881E24 -3.28431455986484E24 -3.3102405386660563E24 -3.3361665199293437E24 -3.3620925038558813E24 -3.388018490646749E24 -3.413944480502483E24 -3.439870473622573E24 -3.4657964702049837E24 -3.49172247044565E24 0.0 0.0 0.0 0.0 0.0 0.0 0.0
-2.3877600274452007E24 -2.413686027360664E24 -2.4396120250395973E24 -2.4655380205279163E24 -2.4914640138758324E24 -2.5173900051379996E24 -2.5433159943736687E24 -2.569241981646837E24 -2.5951679670263854E24 -2.6210939505861913E24 -2.6470199324052614E24 -2.6729459125678164E24 -2.6988718911633735E24 -2.7247978682868203E24 -2.750723844038469E24 -2.776649818524079E24 -2.802575791854879E24 -2.8285017641475567E24 -2.854427735524231E24 -2.880353706112408E24 -2.906279676044922E24 -2.9322056454598226E24 -2.9581316145002897E24 -2.984057583314486E24 -3.0099835520554163E24 -3.035909520880735E24 -3.061835489952578E24 -3.0877614594373213E24 -3.1136874295053717E24 -3.139613400330885E24 -3.1655393720915274E24 -3.191465344968144E24 -3.2173913191444764E24 -3.24331729480683E24 -3.2692432721437224E24 -3.29516925134552E24 -3.321095232604071E24 -3.347021216112298E24 -3.372947202063807E24 -3.398873190652452E24 -3.424799182071908E24 -3.4507251765152144E24 -3.47665117417434E24 -3.502577175239698E24 0.0 0.0 0.0 0.0 0.0 0.0 0.0 0.0
-2.424540566601184E24 -2.4504665688724753E24 -2.4763925689946474E24 -2.5023185670146686E24 -2.5282445629836513E24 -2.5541705569570017E24 -2.580096548994558E24 -2.6060225391607217E24 -2.63194852752458E24 -2.65787451416002E24 -2.683800499145833E24 -2.709726482565791E24 -2.735652464508735E24 -2.7615784450686206E24 -2.7875044243445665E24 -2.81343040244088E24 -2.83935637946706E24 -2.8652823555377943E24 -2.8912083307729137E24 -2.9171343052973647E24 -2.9430602792411243E24 -2.968986252739113E24 -2.994912225931085E24 -3.0208381989615147E24 -3.046764171979418E24 -3.072690145138206E24 -3.098616118595495E24 -3.1245420925128907E24 -3.1504680670557585E24 -3.1763940423929923E24 -3.2023200186967376E24 -3.2282459961421175E24 -3.2541719749069274E24 -3.2800979551713306E24 -3.3060239371175135E24 -3.3319499209293486E24 -3.35787590679203E24 -3.38380189489169E24 -3.409727885415021E24 -3.4356538785488634E24 -3.4615798744797965E24 0.0 0.0 0.0 0.0 0.0 0.0 0.0 0.0 0.0 0.0 0.0
-2.461321109241788E24 -2.4872471138710065E24 -2.513173116435808E24 -2.539099116984068E24 -2.565025115567674E24 -2.5909511122426554E24 -2.6168771070693084E24 -2.642803100112318E24 -2.668729091440881E24 -2.6946550811287805E24 -2.7205810692545017E24 -2.7465070559012885E24 -2.772433041157231E24 -2.7983590251152917E24 -2.824285007873351E24 -2.850210989534229E24 -2.87613697020568E24 -2.9020629500003724E24 -2.927988929035878E24 -2.953914907434592E24 -2.9798408853236816E24 -3.0057668628349876E24 -3.031692840104918E24 -3.0576188172743275E24 -3.0835447944883594E24 -3.1094707718962926E24 -3.135396749651353E24 -3.1613227279105175E24 -3.187248706834277E24 -3.2131746865864287E24 -3.239100667333798E24 -3.2650266492459746E24 -3.2909526324950316E24 -3.316878617255209E24 -3.342804603702612E24 -3.3687305920148696E24 -3.394656582370781E24 -3.4205825749499705E24 -3.4465085699325007E24 -3.4724345674984966E24 -3.498360567827752E24 -3.5242865710993207E24 0.0 0.0 0.0 0.0 0.0 0.0 0.0 0.0 0.0 0.0
-2.498101655289833E24 -2.5240276622772286E24 -2.549953667282255E24 -2.575879670353571E24 -2.60180567154372E24 -2.6277316709092237E24 -2.653657668510738E24 -2.6795836644131224E24 -2.705509658685565E24 -2.731435651401667E24 -2.757361642639516E24 -2.783287632481761E24 -2.8092136210156706E24 -2.8351396083331617E24 -2.8610655945308377E24 -2.886991579710002E24 -2.9129175639766473E24 -2.9388435474414383E24 -2.964769530219674E24 -2.9906955124312424E24 -3.016621494200536E24 -3.042547475656373E24 -3.068473456931882E24 -3.094399438164388E24 -3.120325419495259E24 -3.146251401069751E24 -3.1721773830368316E24 -3.1981033655489855E24 -3.2240293487619926E24 -3.249955332834716E24 -3.275881317928843E24 -3.3018073042086297E24 -3.3277332918406245E24 -3.3536592809933803E24 -3.379585271837146E24 -3.4055112645435425E24 -3.431437259285242E24 -3.4573632562356104E24 -3.483289255568369E24 -3.509215257457212E24 -3.5351412620754337E24 -3.5610672695955543E24 0.0 0.0 0.0 0.0 0.0 0.0 0.0 0.0 0.0 0.0
-2.534882204669541E24 -2.5608082140136394E24 -2.5867342214548234E24 -2.6126602270424256E24 -2.6385862308295207E24 -2.6645122328730303E24 -2.690438233233844E24 -2.7163642319769097E24 -2.742290229171316E24 -2.768216224890388E24 -2.794142219211749E24 -2.8200682122173875E24 -2.845994203993684E24 -2.8719201946314745E24 -2.897846184226046E24 -2.9237721728771583E24 -2.9496981606890376E24 -2.9756241477703404E24 -3.0015501342341224E24 -3.0274761201977796E24 -3.053402105782978E24 -3.079328091115564E24 -3.105254076325467E24 -3.131180061546558E24 -3.157106046916528E24 -3.1830320325767237E24 -3.20895801867198E24 -3.2348840053504216E24 -3.260809992763276E24 -3.286735981064629E24 -3.312661970411209E24 -3.3385879609621294E24 -3.364513952878617E24 -3.3904399463237434E24 -3.416365941462128E24 -3.442291938459617E24 -3.468217937482997E24 -3.494143938699649E24 -3.520069942277194E24 -3.5459959483831766E24 -3.571921957184675E24 -3.5978479688479546E24 0.0 0.0 0.0 0.0 0.0 0.0 0.0 0.0 0.0 0.0
-2.5716627573065687E24 -2.597588769004284E24 -2.623514778876019E24 -2.6494407869716644E24 -2.675366793344717E24 -2.7012927980524064E24 -2.7272188011557566E24 -2.75314480271971E24 -2.7790708028131767E24 -2.80499680150913E24 -2.8309227988846594E24 -2.856848795021018E24 -2.8827747900036723E24 -2.9087007839223203E24 -2.934626776870911E24 -2.9605527689476486E24 -2.9864787602549774E24 -3.012404750899551E24 -3.038330740992199E24 -3.0642567306478596E24 -3.090182719985521E24 -3.116108709128112E24 -3.142034698202424E24 -3.1679606873389657E24 -3.193886676671844E24 -3.219812666338606E24 -3.245738656480071E24 -3.271664647240151E24 -3.2975906387656516E24 -3.3235166312060497E24 -3.3494426247132887E24 -3.3753686194415117E24 -3.401294615546828E24 -3.427220613187024E24 -3.453146612521303E24 -3.4790726137099825E24 -3.504998616914188E24 -3.530924622295541E24 -3.5568506300158455E24 -3.582776640236731E24 -3.6087026531193397E24 -3.634628668823959E24 -3.660554687509673E24 0.0 0.0 0.0 0.0 0.0 0.0 0.0 0.0 0.0
-2.608443313128002E24 -2.6343693271747645E24 -2.6602953394700125E24 -2.6862213500640955E24 -2.712147359010849E24 -2.738073366367696E24 -2.7639993721957246E24 -2.789925376559776E24 -2.815851379528517E24 -2.8417773811744937E24 -2.867703381574199E24 -2.89362938080811E24 -2.9195553789607186E24 -2.945481376120559E24 -2.9714073723802185E24 -2.997333367836327E24 -3.023259362589547E24 -3.049185356744541E24 -3.075111350409932E24 -3.101037343698232E24 -3.1269633367257903E24 -3.1528893296126884E24 -3.178815322482639E24 -3.2047413154628727E24 -3.230667308684012E24 -3.2565933022799024E24 -3.282519296387477E24 -3.308445291146552E24 -3.334371286699661E24 -3.360297283191834E24 -3.3862232807703825E24 -3.412149279584659E24 -3.438075279785843E24 -3.4640012815266374E24 -3.4899272849610394E24 -3.5158532902440383E24 -3.541779297531336E24 -3.567705306979035E24 -3.5936313187433446E24 -3.6195573329802534E24 -3.645483349845206E24 -3.671409369492772E24 -3.697335392076319E24 -3.7232614177476585E24 0.0 0.0 0.0 0.0 0.0 0.0 0.0 0.0
-2.645223872062392E24 -2.671149888452239E24 -2.697075903162636E24 -2.723001916244302E24 -2.748927927751318E24 -2.7748539377412187E24 -2.800779946275069E24 -2.826705953417544E24 -2.8526319592369816E24 -2.8785579638054515E24 -2.904483967198794E24 -2.9304099694966565E24 -2.9563359707825226E24 -2.9822619711437386E24 -3.008187970671499E24 -3.034113969460857E24 -3.060039967610695E24 -3.085965965223694E24 -3.111891962406291E24 -3.137817959268612E24 -3.163743955924415E24 -3.1896699524909784E24 -3.2155959490890165E24 -3.241521945842568E24 -3.267447942878845E24 -3.2933739403281125E24 -3.319299938323519E24 -3.3452259370009314E24 -3.371151936498738E24 -3.397077936957661E24 -3.4230039385205567E24 -3.4489299413321594E24 -3.474855945538884E24 -3.5007819512885504E24 -3.5267079587301446E24 -3.5526339680135415E24 -3.578559979289226E24 -3.60448599270802E24 -3.630412008420763E24 -3.656338026578034E24 -3.6822640473298327E24 -3.7081900708252586E24 -3.734116097212206E24 -3.76004212663703E24 0.0 0.0 0.0 0.0 0.0 0.0 0.0 0.0
-2.682004434039722E24 -2.707930452765412E24 -2.733856469881382E24 -2.75978248543863E24 -2.785708499491393E24 -2.811634512097247E24 -2.837560523317162E24 -2.863486533215577E24 -2.889412541860444E24 -2.9153385493232893E24 -2.9412645556792574E24 -2.96719056100712E24 -2.993116565389331E24 -3.0190425689120085E24 -3.044968571664953E24 -3.070894573741626E24 -3.096820575239136E24 -3.1227465762582026E24 -3.148672576903093E24 -3.1745985772815926E24 -3.200524577504904E24 -3.226450577687568E24 -3.252376577947369E24 -3.278302578405221E24 -3.304228579185038E24 -3.330154580413592E24 -3.3560805822203677E24 -3.3820065847373926E24 -3.4079325880990567E24 -3.4338585924419253E24 -3.459784597904534E24 -3.485710604627178E24 -3.511636612751675E24 -3.5375626224211523E24 -3.563488633779772E24 -3.5894146469724897E24 -3.6153406621447957E24 -3.6412666794424233E24 -3.6671926990110847E24 -3.6931187209961667E24 -3.719044745542455E24 -3.7449707727938193E24 -3.770896802892922E24 0.0 0.0 0.0 0.0 0.0 0.0 0.0 0.0 0.0
0.0 -2.7447110200445505E24 -2.770637039555385E24 -2.7965630575751453E24 -2.8224890741581645E24 -2.8484150893619773E24 -2.8743411032473946E24 -2.9002671158785483E24 -2.9261931273229537E24 -2.9521191376515535E24 -2.9780451469387353E24 -3.0039711552623794E24 -3.0298971627038597E24 -3.055823169348061E24 -3.081749175283371E24 -3.107675180601658E24 -3.1336011853982703E24 -3.159527189771971E24 -3.185453193824903E24 -3.2113791976625245E24 -3.2373052013935466E24 -3.2632312051298257E24 -3.289157208986283E24 -3.3150832130807897E24 -3.341009217534048E24 -3.366935222469439E24 -3.392861228012893E24 -3.4187872342927177E24 -3.4447132414394355E24 -3.470639249585586E24 -3.496565258865552E24 -3.52249126941533E24 -3.5484172813723276E24 -3.574343294875134E24 -3.600269310063285E24 -3.6261953270770077E24 -3.65212134605699E24 -3.678047367144093E24 -3.703973390479099E24 -3.729899416202434E24 -3.7558254444538817E24 -3.781751475372315E24 -3.807677509095387E24 0.0 0.0 0.0 0.0 0.0 0.0 0.0 0.0 0.0
0.0 -2.781491590221453E24 -2.8074176121154047E24 -2.833343632583647E24 -2.8592696516805314E24 -2.885195669463496E24 -2.911121685993119E24 -2.937047701333182E24 -2.962973715550707E24 -2.9888997287159996E24 -3.014825740902663E24 -3.040751752187644E24 -3.066677762651226E24 -3.0926037723770366E24 -3.118529781452042E24 -3.144455789966531E24 -3.170381798014082E24 -3.1963078056915307E24 -3.222233813098917E24 -3.248159820339426E24 -3.2740858275193054E24 -3.300011834747801E24 -3.325937842137027E24 -3.351863849801902E24 -3.377789857859987E24 -3.403715866431382E24 -3.429641875638561E24 -3.4555678856062424E24 -3.4814938964611893E24 -3.5074199083320737E24 -3.533345921349249E24 -3.559271935644573E24 -3.5851979513512046E24 -3.61112396860337E24 -3.637049987536142E24 -3.6629760082852195E24 -3.6889020309866687E24 -3.714828055776678E24 -3.740754082791306E24 -3.7666801121662137E24 -3.792606144036407E24 -3.818532178535963E24 -3.8444582157977517E24 0.0 0.0 0.0 0.0 0.0 0.0 0.0 0.0 0.0
0.0 0.0 0.0 0.0 -2.896050231989186E24 -2.9219762523317516E24 -2.947902271483638E24 -2.9738282895082124E24 -2.999754306471966E24 -3.0256803224445237E24 -3.051606337498675E24 -3.077532351710405E24 -3.103458365158881E24 -3.129384377926463E24 -3.1553103900986966E24 -3.18123640176428E24 -3.207162413015053E24 -3.2330884239459335E24 -3.2590144346548945E24 -3.2849404452428764E24 -3.3108664558137284E24 -3.3367924664741176E24 -3.3627184773334497E24 -3.3886444885037374E24 -3.414570500099509E24 -3.440496512237661E24 -3.4664225250373314E24 -3.492348538619744E24 -3.518274553108053E24 -3.5442005686271594E24 -3.5701265853035473E24 -3.5960526032650846E24 -3.621978622640828E24 -3.6479046435608003E24 -3.6738306661558025E24 -3.6997566905571573E24 -3.725682716896504E24 -3.751608745305544E24 -3.7775347759157994E24 -3.803460808858378E24 -3.829386844263697E24 -3.8553128822612494E24 -3.8812389229793273E24 0.0 0.0 0.0 -3.984943115566298E24 0.0 0.0 0.0 0.0 0.0
0.0 0.0 0.0 0.0 0.0 -2.958756837898512E24 -2.9846828596501375E24 -3.0106088803343426E24 -3.0365349000170364E24 -3.062460918767131E24 -3.088386936656574E24 -3.1143129537603614E24 -3.140238970156534E24 -3.166164985926172E24 -3.1920910011533985E24 -3.2180170159253347E24 -3.243943030332083E24 -3.26986904446668E24 -3.2957950584250473E24 -3.3217210723059313E24 -3.347647086210823E24 -3.373573100243884E24 -3.3994991145118526E24 -3.425425129123935E24 -3.4513511441916944E24 -3.477277159828929E24 -3.5032031761515304E24 -3.5291291932773497E24 -3.555055211326032E24 -3.580981230418854E24 -3.606907250678554E24 -3.632833272229155E24 -3.6587592951957576E24 -3.6846853197043523E24 -3.710611345881605E24 -3.736537373854654E24 -3.7624634037508755E24 -3.7883894356976654E24 -3.8143154698222034E24 -3.840241506251217E24 -3.8661675451107383E24 -3.892093586525861E24 -3.918019630620502E24 -3.9439456775171383E24 -3.9698717273365643E24 -3.995797780197654E24 -4.0217238362171015E24 0.0 0.0 0.0 0.0 0.0
0.0 0.0 0.0 0.0 0.0 -2.9955374260973374E24 -3.021463450425672E24 -3.0473894737442005E24 -3.0733154961182057E24 -3.0992415176158636E24 -3.125167538308255E24 -3.151093558269364E24 -3.177019577576091E24 -3.20294559630824E24 -3.228871614548499E24 -3.2547976323824284E24 -3.2807236498984047E24 -3.3066496671876115E24 -3.3325756843439513E24 -3.3585017014640164E24 -3.384427718646987E24 -3.4103537359945755E24 -3.4362797536109204E24 -3.4622057716024864E24 -3.4881317900779664E24 -3.5140578091481405E24 -3.5399838289257617E24 -3.5659098495254026E24 -3.591835871063324E24 -3.617761893657298E24 -3.643687917426451E24 -3.6696139424910917E24 -3.6955399689725094E24 -3.7214659969928074E24 -3.7473920266746855E24 -3.77331805814125E24 -3.7992440915157855E24 -3.8251701269215536E24 -3.8510961644815656E24 -3.8770222043183484E24 -3.9029482465537383E24 -3.92887429130861E24 -3.9548003387026903E24 -3.980726388854288E24 -4.0066524418800596E24 -4.032578497894801E24 -4.058504557011183E24 0.0 0.0 0.0 0.0 0.0
0.0 0.0 0.0 0.0 -3.0063919889656764E24 -3.032318016863538E24 -3.058244043745106E24 -3.084170069672275E24 -3.1100960947096904E24 -3.1360221189247494E24 -3.161948142387649E24 -3.187874165171344E24 -3.213800187351589E24 -3.2397262090068973E24 -3.26565223021854E24 -3.291578251070512E24 -3.317504271649502E24 -3.343430292044845E24 -3.369356312348475E24 -3.3952823326548484E24 -3.421208353060906E24 -3.4471343736659527E24 -3.473060394571601E24 -3.498986415881644E24 -3.5249124377019784E24 -3.5508384601404607E24 -3.576764483306796E24 -3.6026905073123884E24 -3.6286165322702223E24 -3.65454255829468E24 -3.6804685855014067E24 -3.7063946140071144E24 -3.732320643929441E24 -3.7582466753867355E24 -3.784172708497882E24 -3.8100987433821067E24 -3.8360247801587693E24 -3.861950818947158E24 -3.88787685986628E24 -3.9138029030346454E24 -3.939728948570053E24 -3.965654996589352E24 -3.9915810472082497E24 -4.017507100541056E24 -4.043433156700488E24 -4.06935921579742E24 -4.095285277940689E24 -4.1212113432368504E24 0.0 0.0 0.0 0.0
0.0 0.0 0.0 0.0 -3.0431725797607786E24 -3.069098610134143E24 -3.095024639545076E24 -3.120950668054904E24 -3.1468766957275933E24 -3.172802722629754E24 -3.198728748830668E24 -3.2246547744022575E24 -3.2505807994191177E24 -3.276506823958476E24 -3.3024328481001874E24 -3.328358871926704E24 -3.354284895523028E24 -3.380210918976685E24 -3.4061369423776637E24 -3.4320629658183535E24 -3.457988989393468E24 -3.483915013199981E24 -3.5098410373370325E24 -3.535767061905826E24 -3.56169308700953E24 -3.587619112753169E24 -3.6135451392434885E24 -3.639471166588832E24 -3.665397194899008E24 -3.691323224285126E24 -3.7172492548594586E24 -3.7431752867352784E24 -3.769101320026675E24 -3.795027354848389E24 -3.8209533913156386E24 -3.8468794295439175E24 -3.87280546964881E24 -3.89873151174579E24 -3.9246575559500275E24 -3.950583602376167E24 -3.976509651138144E24 -4.002435702348948E24 -4.028361756120433E24 -4.054287812563091E24 -4.0802138717858524E24 -4.1061399338958594E24 -4.1320659989982656E24 -4.1579920671960274E24 -4.183918138589701E24 0.0 0.0 0.0
0.0 0.0 0.0 0.0 -3.079953173021183E24 -3.105879205847863E24 -3.1318052377639546E24 -3.1577312688302004E24 -3.183657299109853E24 -3.20958332866872E24 -3.235509357575147E24 -3.2614353859000223E24 -3.2873614137167706E24 -3.313287441101335E24 -3.339213468132169E24 -3.365139494890182E24 -3.391065521458727E24 -3.416991547923542E24 -3.4429175743727025E24 -3.4688436008965614E24 -3.494769627587671E24 -3.5206956545407225E24 -3.5466216818524465E24 -3.5725477096215185E24 -3.5984737379484675E24 -3.624399766935563E24 -3.650325796686683E24 -3.6762518273072016E24 -3.7021778589038604E24 -3.728103891584612E24 -3.7540299254584655E24 -3.7799559606353666E24 -3.805881997226E24 -3.831808035341633E24 -3.857734075093942E24 -3.883660116594837E24 -3.9095861599562744E24 -3.935512205290063E24 -3.9614382527076847E24 -3.987364302320086E24 -4.013290354237489E24 -4.039216408569183E24 -4.065142465423332E24 -4.0910685249067765E24 -4.116994587124813E24 -4.1429206521810126E24 -4.1688467201770124E24 -4.194772791212316E24 -4.2206988653841215E24 0.0 0.0 0.0
0.0 0.0 0.0 0.0 -3.11673376868759E24 -3.1426598039450404E24 -3.168585838341807E24 -3.194511871938013E24 -3.220437904796191E24 -3.246363936981317E24 -3.2722899685607914E24 -3.298215999604458E24 -3.3241420301845717E24 -3.350068060375803E24 -3.375994090255196E24 -3.401920119902149E24 -3.4278461493983763E24 -3.4537721788278617E24 -3.479698208276799E24 -3.505624237833551E24 -3.5315502675885543E24 -3.557476297634272E24 -3.58340232806508E24 -3.6093283589772065E24 -3.63525439046861E24 -3.661180422638878E24 -3.6871064555891203E24 -3.713032489421836E24 -3.7389585242407894E24 -3.7648845601508795E24 -3.7908105972579867E24 -3.816736635668833E24 -3.842662675490815E24 -3.8685887168318576E24 -3.894514759800232E24 -3.9204408045044014E24 -3.9463668510528276E24 -3.972292899553809E24 -3.998218950115278E24 -4.024145002844631E24 -4.0500710578485304E24 -4.0759971152327194E24 -4.1019231751018304E24 -4.12784923755919E24 -4.1537753027066286E24 -4.1797013706442926E24 -4.20562744147045E24 -4.2315535152813156E24 -4.25747959217085E24 0.0 0.0 0.0
