gridCalculator/out/production/Project/rainfall_Kriginginterpolation.asc
ncols	218
nrows	236
xllcorner	466515.47101027
yllcorner	2626221.2241437
cellsize	90.0
NODATA_VALUE	-9999
[rows 69 to 91 of 236, columns 52 to 103 of 218]
0.0 0.0 0.0 0.0 0.0 0.0 0.0 0.0 0.0 0.0 0.0 0.0 0.0 0.0 0.0 0.0 0.0 0.0 7.132620116793959E23 6.873360693937299E23 6.614101391781864E23 6.354842210091902E23 6.0955831481916E23 5.8363242049482555E23 5.5770653787598636E23 0.0 0.0 0.0 0.0 0.0 0.0 0.0 0.0 3.24374071278011E23 2.9844828667677452E23 2.725225090530534E23 2.465967377580282E23 2.2067097211926482E23 1.9474521144415124E23 1.6881945502332408E23 1.4289370213405494E23 1.1696795204356625E23 9.104220401226256E22 6.511645729687362E22 3.919071115349336E22 1.3264964840526212E22 -1.2660782378459874E22 -3.858653123196672E22 -6.451228243788043E22 -9.043803670085482E22 -1.1636379470976853E23 -1.4228955713524267E23
0.0 0.0 0.0 0.0 0.0 0.0 0.0 0.0 0.0 0.0 0.0 0.0 0.0 0.0 0.0 0.0 0.0 0.0 6.764820579522628E23 6.50556123070745E23 6.246302000122327E23 5.987042887381173E23 5.7277838916795595E23 5.468525011779829E23 5.2092662460001706E23 4.9500075922078494E23 0.0 0.0 0.0 0.0 0.0 3.394457845266645E23 3.135199878392548E23 2.8759419908262303E23 2.616684176768112E23 2.357426430118399E23 2.0981687445068278E23 1.8389111133232673E23 1.5796535297488575E23 1.3203959867873612E23 1.0611384772963646E23 8.018809940183157E22 5.426235296110572E22 2.8336607667793852E22 2.4108627797339176E21 -2.3514882444823512E22 -4.944062874436227E22 -7.536637685128578E22 -1.0129212748914187E23 -1.2721788136988286E23 -1.531436391911551E23 -1.7906940163362645E23
0.0 0.0 0.0 0.0 0.0 0.0 0.0 0.0 0.0 0.0 0.0 0.0 0.0 0.0 0.0 7.174799508973005E23 6.915539885975019E23 6.656280378341209E23 6.397020986639819E23 6.137761711096702E23 5.878502551573788E23 5.619243507550014E23 5.359984578104919E23 5.1007257619054794E23 4.8414670571963646E23 4.582208461793824E23 4.322949973083468E23 4.063691588021855E23 3.8044333031419425E23 3.545175114562236E23 3.2859170179994034E23 3.026659008784135E23 2.7674010818798493E23 2.5081432319039465E23 2.2488854531511465E23 1.9896277396185818E23 1.730370085032223E23 1.4711124828743358E23 1.2118549264116202E23 9.525974087237689E22 6.933399227322813E22 4.340824612293343E22 1.7482501690662498E22 -8.443241761586882E21 -3.4368984976124683E22 -6.029472869670859E22 -8.622047366569466E22 -1.1214622062118264E23 -1.3807197029416353E23 -1.639977234056543E23 -1.899234806638305E23 -2.1584924276115423E23
0.0 0.0 0.0 0.0 0.0 0.0 0.0 0.0 0.0 0.0 0.0 0.0 0.0 0.0 7.066259288775265E23 6.806999630221954E23 6.547740084797828E23 6.288480653222398E23 6.029221335904367E23 5.769962132920623E23 5.510703043996952E23 5.2514440684909515E23 4.9921852053774225E23 4.732926453236606E23 4.473667810245386E23 4.214409274171806E23 3.955150842372872E23 3.6958925117957405E23 3.436634278982238E23 3.177376140076644E23 2.918118090836511E23 2.6588601266462906E23 2.3996022425335985E23 2.1403444331876733E23 1.8810866929798553E23 1.6218290159856498E23 1.3625713960081878E23 1.103313826602734E23 8.440563011020268E22 5.847988126422514E22 3.255413541894947E22 6.628391856656754E21 -1.9297350151987396E22 -4.522309134519258E22 -7.114883246727182E22 -9.707457426584192E22 -1.2300031748898116E23 -1.4892606288234885E23 -1.7485181118625245E23 -2.0077756313267097E23 -2.267033194422245E23 -2.5262908082110325E23
0.0 0.0 0.0 0.0 0.0 0.0 0.0 0.0 0.0 0.0 0.0 0.0 0.0 6.957718967955437E23 6.698459275751439E23 6.439199694650369E23 6.179940225505094E23 5.9206808688853406E23 5.6614216250572896E23 5.402162493964603E23 5.142903475211048E23 4.883644568045161E23 4.624385771347132E23 4.3651270836182446E23 4.105868502972953E23 3.846610027133828E23 3.587351653429419E23 3.328093378795062E23 3.068835199776591E23 2.809577112536885E23 2.5503191128650568E23 2.2910611961881787E23 2.0318033575852513E23 1.7725455918032348E23 1.5132878932748377E23 1.2540302561378884E23 9.94772674255998E22 7.3551514124032626E22 4.7625765047229814E22 2.170001951270731E22 -4.225723180229052E21 -3.0151463748001988E22 -5.607720292022527E22 -8.200294143710131E22 -1.0792868004675473E23 -1.3385441950249331E23 -1.5978016055998723E23 -1.8570590397436688E23 -2.1163165049722076E23 -2.3755740087350486E23 -2.6348315583835285E23 -2.894089161138016E23
0.0 0.0 0.0 0.0 0.0 0.0 0.0 0.0 0.0 0.0 0.0 0.0 0.0 6.589918820200559E23 6.33065920489965E23 6.071399699837297E23 5.8121403057284096E23 5.5528810230092506E23 5.293621851818877E23 5.0343627919818954E23 4.7751038429927824E23 4.515845004002039E23 4.256586273804403E23 3.9973276508293014E23 3.7380691331336826E23 3.478810718397362E23 3.219552403920909E23 2.9602941866260965E23 2.701036063058916E23 2.4417780293949822E23 2.182520081447324E23 1.9232622146763214E23 1.6640044242016352E23 1.404746704815986E23 1.1454890510005249E23 8.86231456941645E22 6.2697391654904655E22 3.677164234749146E22 1.0845897113407607E22 -1.5079844727492077E22 -4.100558387479104E22 -6.693132104523383E22 -9.285705697036386E22 -1.1878279239407032E23 -1.447085280700303E23 -1.7063426475904493E23 -1.9656000322625056E23 -2.2248574423819996E23 -2.4841148855980277E23 -2.7433723695112298E23 -3.0026299016402837E23 -3.261887489387033E23
0.0 0.0 0.0 0.0 0.0 0.0 0.0 0.0 0.0 0.0 0.0 6.74063801847201E23 6.481378262284708E23 6.222118613687442E23 5.9628590737674376E23 5.7035996433739664E23 5.444340323099528E23 5.185081113261803E23 4.9258220138866534E23 4.6665630246924716E23 4.4073041450759046E23 4.148045374099382E23 3.888786710480471E23 3.629528152583214E23 3.370269698411666E23 3.111011345605548E23 2.8517530914381944E23 2.5924949328166975E23 2.333236866284234E23 2.073978888024539E23 1.814720993868336E23 1.5554631793017013E23 1.296205439476125E23 1.0369477692201896E23 7.776901630526717E22 5.184326151969744E22 2.591751195966892E22 -8.2330067699458376E18 -2.593397403611354E22 -5.185971180753331E22 -7.77854470209104E22 -1.03711180394769E23 -1.2963691266409979E23 -1.5556264457806012E23 -1.8148837689754315E23 -2.074141103926006E23 -2.333398458396953E23 -2.5926558401878325E23 -2.8519132571020127E23 -3.111170716913578E23 -3.370428227332237E23 -3.629685795966248E23
0.0 0.0 0.0 0.0 0.0 0.0 0.0 0.0 0.0 0.0 0.0 6.372837601703546E23 6.113577920201981E23 5.8543183459491545E23 5.595058879922027E23 5.335799522860015E23 5.0765402752474814E23 4.817281137297093E23 4.5580221089342224E23 4.298763189782617E23 4.039504379151486E23 3.780245676024168E23 3.520987079048545E23 3.261728586529216E23 3.002470196421595E23 2.7432119063279587E23 2.4839537134953857E23 2.2246956148156616E23 1.9654376068270403E23 1.7061796857177818E23 1.4469218473314595E23 1.1876640871737862E23 9.284064004209994E22 6.691487819295365E22 4.098912262470321E22 1.5063372762442579E22 -1.0862371997083094E22 -3.678811228405558E22 -6.2713848754057765E22 -8.863958208644983E22 -1.1456531298263294E23 -1.4049104216420011E23 -1.6641677037095332E23 -1.9234249835877876E23 -2.1826822689735322E23 -2.441939567676683E23 -2.7011968875934925E23 -2.9604542366774585E23 -3.219711622907805E23 -3.47896905425544E23 -3.738226538646227E23 -3.9974840839217105E23
0.0 0.0 0.0 0.0 0.0 0.0 0.0 0.0 0.0 0.0 0.0 6.005037124590062E23 5.745777516053558E23 5.486518014545569E23 5.2272586209468905E23 4.9679993359007874E23 4.7087401597966545E23 4.4494810927545524E23 4.190222134610887E23 3.930963284905277E23 3.6717045428688355E23 3.412445907413929E23 3.15318737712551E23 2.8939289502541068E23 2.6346706247104873E23 2.3754123980620217E23 2.1161542675307142E23 1.8568962299928826E23 1.5976382819804197E23 1.3383804196835594E23 1.0791226389550437E23 8.19864935315635E22 5.6060730396085E22 3.01349739768813E22 4.2092237309169574E21 -2.171652091470157E22 -4.764226056163808E22 -7.356799583914868E22 -9.949372740280486E22 -1.2541945593311158E23 -1.513451821340148E23 -1.7727090673128008E23 -2.0319663047072204E23 -2.2912235411626864E23 -2.5504807844782996E23 -2.809738042589463E23 -3.068995323541888E23 -3.3282526354628466E23 -3.5875099865294105E23 -3.846767384933551E23 -4.106024838843845E23 -4.365282356363939E23
0.0 0.0 0.0 0.0 0.0 0.0 0.0 0.0 0.0 0.0 0.0 5.63723658468673E23 5.37797704740871E23 5.118717617060275E23 4.859458294439292E23 4.600199080105615E23 4.340939974365794E23 4.081680977258651E23 3.822422088542099E23 3.5631633076811226E23 3.303904633837165E23 3.0446460658588506E23 2.7853876022742913E23 2.5261292412848027E23 2.266870980760131E23 2.0076128182351973E23 1.7483547509082386E23 1.4890967756403115E23 1.2298388889561776E23 9.705810870463062E22 7.113233657700947E22 4.520657206600923E22 1.9280814692719724E22 -6.644936053325135E21 -3.2570680713454903E22 -5.849641985908956E22 -8.442215409088747E22 -1.103478840378091E23 -1.3627361035609313E23 -1.621993337281304E23 -1.8812505486122518E23 -2.1405077448621715E23 -2.399764933559483E23 -2.659022122435362E23 -2.918279319404322E23 -3.1775365325422113E23 -3.4367937700613296E23 -3.6960510402822484E23 -3.9553083516020716E23 -4.2145657124588074E23 -4.473823131291658E23 -4.7330806164971344E23
0.0 0.0 0.0 0.0 0.0 0.0 0.0 0.0 0.0 0.0 0.0 5.2694359795890324E23 5.010176511867717E23 4.7509171510985195E23 4.491657898008824E23 4.2323987530869716E23 3.973139716567842E23 3.713880788419431E23 3.454621968330657E23 3.1953632557004E23 2.9361046496279206E23 2.676846148904573E23 2.4175877520069866E23 2.1583294570915557E23 1.8990712619903038E23 1.6398131642079836E23 1.3805551609204115E23 1.121297248973933E23 8.620394248858983E22 6.0278168484611615E22 3.435240247191224E22 8.426644004723294E21 -1.74991073945701E22 -4.342485223499103E22 -6.9350591056474305E22 -9.527632442930917E22 -1.2120205295351876E23 -1.4712777725817772E23 -1.7305349800064505E23 -1.9897921586570928E23 -2.2490493156461652E23 -2.508306458339639E23 -2.7675635943442215E23 -3.026820731492534E23 -3.28607787782588E23 -3.545335041574106E23 -3.804592231132178E23 -4.063849455032926E23 -4.323106721915597E23 -4.5823640404897894E23 -4.841621419494423E23 -5.100878867651622E23
7.753495389175342E23 0.0 0.0 0.0 0.0 0.0 0.0 0.0 0.0 0.0 5.1608948130029745E23 4.90163530693075E23 4.6423759070602264E23 4.383116614286029E23 4.123857429276792E23 3.864598352460468E23 3.605339384010591E23 3.3460805238338384E23 3.0868217715586795E23 2.827563126525503E23 2.5683045877779782E23 2.309046154055801E23 2.049787823788766E23 1.7905295950920938E23 1.531271465762905E23 1.2720134332778555E23 1.0127554947917035E23 7.534976471367878E22 4.942398868232646E22 2.3498221004004264E22 -2.427538734378376E21 -2.8353290977695077E22 -5.427903620236903E22 -8.02047749160988E22 -1.0613050765755405E23 -1.3205623499603365E23 -1.579819575310863E23 -1.839076758920801E23 -2.0983339073770977E23 -2.357591027554274E23 -2.616848126607617E23 -2.8761052119650154E23 -3.135362291317109E23 -3.3946193726052655E23 -3.653876464006887E23 -3.913133573917614E23 -4.172390710929745E23 -4.431647883806377E23 -4.6909051014506454E23 -4.950162372869544E23 -5.2094197071318724E23 -5.4686771133199895E23
7.3856939469868E23 7.12643352709042E23 6.867173196226181E23 0.0 0.0 0.0 0.0 0.0 0.0 5.0523535503331234E23 4.7930940046336E23 4.5338345643828086E23 4.2745752306445E23 4.015316004268684E23 3.756056885876428E23 3.4967978758456504E23 3.2375389742981294E23 2.9782801810877946E23 2.7190214957903586E23 2.4597629176943423E23 2.2005044457935392E23 1.941246078780721E23 1.681987815042741E23 1.422729652656671E23 1.1634715893871244E23 9.042136226843691E22 6.449557496833631E22 3.856979672032574E22 1.2644027174759468E22 -1.328173404952784E22 -3.920748736514071E22 -6.513323321603508E22 -9.105897207740989E22 -1.1698470445559995E23 -1.4291043088796052E23 -1.688361519427432E23 -1.9476186821895887E23 -2.2068758034621415E23 -2.466132889845083E23 -2.7253899482396104E23 -2.9846469858444954E23 -3.243904010151209E23 -3.503161028937274E23 -3.762418050257445E23 -4.021675082432113E23 -4.280932134032255E23 -4.540189213860341E23 -4.799446330926346E23 -5.0587034944182305E23 -5.317960713666136E23 -5.5772179980996664E23 -5.836475357197755E23
7.017892456347409E23 6.758632095197575E23 6.499371823639321E23 6.240111643898639E23 5.98085155813726E23 5.7215915684366644E23 5.462331676781384E23 5.203071885041674E23 4.9438121949558825E23 4.6845526081125864E23 4.4252931259328893E23 4.166033749653006E23 3.9067744803074555E23 3.647515318713028E23 3.3882562654538505E23 3.128997320867575E23 2.8697384850330045E23 2.6104797577590892E23 2.3512211385754823E23 2.091962626724579E23 1.832704221154991E23 1.573445920516407E23 1.314187723155716E23 1.0549296271142027E23 7.956716301256861E22 5.364137296153918E22 2.7715592269944618E22 1.7898206184710283E21 -2.4135942343114826E22 -5.00616969959442E22 -7.59874437520356E22 -1.0191318305429683E23 -1.2783891537654684E23 -1.5376464122356427E23 -1.796903611311611E23 -2.0561607566628303E23 -2.3154178542711864E23 -2.5746749104321504E23 -2.8339319317557432E23 -3.093188925167097E23 -3.3524458979062544E23 -3.6117028575268535E23 -3.8709598118931775E23 -4.130216769175011E23 -4.38947373783963E23 -4.6487307266402285E23 -4.907987744599832E23 -5.167244800989974E23 -5.4265019053030454E23 -5.6857590672175216E23 -5.945016296555113E23 -6.204273603229158E23
6.650090915377756E23 6.39083061065776E23 6.131570396078988E23 5.872310273875383E23 5.613050246215971E23 5.353790315188381E23 5.094530482781552E23 4.835270750867836E23 4.576011121184747E23 4.3167515953165234E23 4.0574921746759546E23 3.798232860486565E23 3.5389736537654906E23 3.279714555307443E23 3.0204555656697795E23 2.7611966851590617E23 2.5019379138191507E23 2.242679251420932E23 1.9834206974537908E23 1.7241622511186497E23 1.4649039113226377E23 1.2056456766751452E23 9.46387545485147E22 6.8712951575956674E22 4.278715852024459E22 1.6861375121473057E22 -9.064398910561623E21 -3.4990163896334545E22 -6.091592018656962E22 -8.684166816224232E22 -1.1276740823461603E23 -1.3869314084533103E23 -1.6461886646654553E23 -1.9054458560114126E23 -2.1647029878298462E23 -2.4239600657725262E23 -2.6832170958079833E23 -2.9424740842255536E23 -3.2017310376395405E23 -3.460987962993254E23 -3.720244867562571E23 -3.979501758958562E23 -4.238758645128664E23 -4.498015534355808E23 -4.757272435254624E23 -5.0165293567639925E23 -5.275786308134875E23 -5.535043298912385E23 -5.794300338910946E23 -6.053557438181335E23 -6.312814606968508E23 -6.572071855659131E23
6.282289322312154E23 6.023029071666262E23 5.763768911700098E23 5.50450884466619E23 5.245248872752389E23 4.985988998064693E23 4.726729222609269E23 4.467469548273767E23 4.2082099768082527E23 3.948950509806009E23 3.689691148684592E23 3.4304318946673885E23 3.1711727487660455E23 2.9119137117640734E23 2.6526547842019107E23 2.3933959663636405E23 2.1341372582655E23 1.874878659646371E23 1.615620169960103E23 1.3563617883697462E23 1.09710351374345E23 8.378453446519391E22 5.785872793671897E22 3.1932931586218344E22 6.007145181132498E21 -1.9918631540870496E22 -4.5844398871794535E22 -7.1770157133230626E22 -9.769590667630452E22 -1.2362164788168296E23 -1.4954738115965153E23 -1.7547310695027713E23 -2.013988257236658E23 -2.2732453798031617E23 -2.5325024425157568E23 -2.791759451001857E23 -3.051016411209173E23 -3.310273329412748E23 -3.569530212222491E23 -3.8287870665909617E23 -4.0880438998209624E23 -4.347300719572544E23 -4.606557533868835E23 -4.865814351099967E23 -5.125071180024275E23 -5.384328029765807E23 -5.643584909806952E23 -5.902841829974982E23 -6.162098800421065E23 -6.421355831590222E23 -6.680612934180883E23 -6.939870119092398E23
5.914487675501719E23 5.655227476531205E23 5.395967368765543E23 5.136707354486812E23 4.877447435913564E23 4.618187615182884E23 4.35892789433148E23 4.0996682752760536E23 3.840408759793147E23 3.581149349498932E23 3.321890045829229E23 3.062630850020151E23 2.8033717630898045E23 2.5441127858213786E23 2.2848539187479337E23 2.0255951621391676E23 1.7663365159903484E23 1.5070779800134118E23 1.2478195536303593E23 9.885612359687045E22 7.293030258588531E22 4.700449218331292E22 2.107869221261404E22 -4.847097532388111E21 -3.0772877287313468E22 -5.669864731700579E22 -8.262440791532309E22 -1.0855015940496979E23 -1.3447590213739809E23 -1.6040163649280195E23 -1.8632736288022205E23 -2.1225308173777413E23 -2.3817879353301223E23 -2.6410449876343262E23 -2.9003019795711404E23 -3.1595589167349805E23 -3.4188158050429083E23 -3.678072650744823E23 -3.9373294604345475E23 -4.19658624106154E23 -4.45584299994292E23 -4.715099744775231E23 -4.974356483645442E23 -5.233613225040366E23 -5.492869977853625E23 -5.752126751389042E23 -6.011383555359201E23 -6.270640399877628E23 -6.52989729544299E23 -6.78915425291341E23 -7.048411283469026E23 -7.307668398560859E23
5.546685973418449E23 5.287425823677717E23 5.028165765650379E23 4.768905801659412E23 4.509645933966433E23 4.250386164752849E23 3.9911264960999296E23 3.7318669299678355E23 3.472607468174269E23 3.213348112372813E23 2.954088864031644E23 2.6948297244129564E23 2.4355706945535807E23 2.1763117752473014E23 1.917052967029157E23 1.6577942701621197E23 1.3985356846263238E23 1.139277210110911E23 8.800188460084675E22 6.207605914119366E22 3.615024451136621E22 1.022444056063386E22 -1.5701352891474088E22 -4.16271360548339E22 -6.755290916835261E22 -9.347867249958496E22 -1.1940442634438188E23 -1.4533017102662136E23 -1.7125590689803948E23 -1.9718163433819327E23 -2.2310735375458126E23 -2.490330655829246E23 -2.749587702876318E23 -3.008844683624447E23 -3.2681016033126535E23 -3.5273584674916745E23 -3.7866152820357597E23 -4.0458720531560786E23 -4.30512878741552E23 -4.5643854917445956E23 -4.823642173458146E23 -5.082898840272326E23 -5.342155500321295E23 -5.601412162172836E23 -5.860668834841916E23 -6.119925527801038E23 -6.379182250985911E23 -6.638439014794761E23 -6.897695830079276E23 -7.156952708125004E23 -7.416209660618769E23 -7.675466699600553E23
5.17888421466058E23 4.9196241116533146E23 4.6603641008472334E23 4.401104184617924E23 4.141844365282956E23 3.8825846450820514E23 3.623325026155756E23 3.3640655105231066E23 3.1048061000585186E23 2.8455467964684633E23 2.5862876012684498E23 2.3270285157607777E23 2.067769541013787E23 1.808510677842989E23 1.549251926794685E23 1.2899932881323527E23 1.0307347618260983E23 7.714763475452719E22 5.122180446541241E22 2.5295985221038422E22 -6.298231033686791E20 -2.6555620662815404E22 -5.2481407642074006E22 -7.84071842551215E22 -1.0433295074453565E23 -1.3025870738091444E23 -1.561844544623543E23 -1.8211019231404607E23 -2.080359212880146E23 -2.339616417630335E23 -2.5988735414474278E23 -2.8581305886597725E23 -3.117387563873191E23 -3.376644471978834E23 -3.635901318163302E23 -3.895158107921058E23 -4.154414847069047E23 -4.413671541763398E23 -4.672928198518047E23 -4.9321848242250347E23 -5.191441426176182E23 -5.450698012085681E23 -5.709954590112991E23 -5.9692111688853644E23 -6.228467757518897E23 -6.487724365636959E23 -6.74698100338435E23 -7.006237681435368E23 -7.265494410993432E23 -7.524751203779656E23 -7.784008072007405E23 -8.043265028339575E23
4.811082397959011E23 4.551822339134589E23 4.2925623729730874E23 4.033302501914786E23 3.774042728346758E23 3.51478305458179E23 3.255523482835485E23 2.9962640152022143E23 2.7370046536299187E23 2.4777453998946613E23 2.218486255575372E23 1.9592272220295308E23 1.699968300370485E23 1.4407094914470775E23 1.181450795826166E23 9.221922137785816E22 6.629337452687134E22 4.036753899479017E22 1.4441714715156778E22 -1.1484098410030148E22 -3.7409900509963173E22 -6.333569174444891E22 -8.926147230315298E22 -1.1518724240475429E23 -1.4111300229607579E23 -1.6703875225125528E23 -1.9296449257102023E23 -2.1889022358211492E23 -2.448159456369264E23 -2.7074165911332912E23 -2.9666736441478665E23 -3.2259306197071416E23 -3.485187522371135E23 -3.744444356974923E23 -4.0037011286405616E23 -4.2629578427918236E23 -4.5222145051716264E23 -4.7814711218620475E23 -5.04072769930689E23 -5.2999842443365155E23 -5.559240764194698E23 -5.818497266567137E23 -6.077753759611095E23 -6.337010251985439E23 -6.596266752880143E23 -6.855523272043886E23 -7.114779819808258E23 -7.374036407106377E23 -7.63329304548339E23 -7.892549747095832E23 -8.151806524696131E23 -8.41106339159837E23
4.44328052218517E23 4.184020504935372E23 3.924760580777528E23 3.6655007522292115E23 3.4062410217611984E23 3.1469813917750035E23 2.8877218645783006E23 2.6284624423586173E23 2.3692031271557647E23 2.109943920833671E23 1.8506848250523415E23 1.5914258412408164E23 1.3321669705720484E23 1.0729082139404465E23 8.136495719429754E22 5.5439104486433526E22 2.9513263266659958E22 3.5874334983524796E21 -2.2338384888066906E22 -4.826419199484248E22 -7.4189987956244615E22 -1.0011577293766053E23 -1.2604154713449596E23 -1.5196731077098227E23 -1.778930640989815E23 -2.0381880739686404E23 -2.2974454096853263E23 -2.5567026514265112E23 -2.8159598027212606E23 -3.075216867338651E23 -3.334473849288459E23 -3.593730752825057E23 -3.8529875824545126E23 -4.11224434294505E23 -4.371501039340757E23 -4.630757676978591E23 -4.890014261508591E23 -5.149270798917255E23 -5.408527295554012E23 -5.6677837581606616E23 -5.927040193903568E23 -6.186296610408364E23 -6.445553015796706E23 -6.704809418724423E23 -6.964065828420285E23 -7.223322254724024E23 -7.482578708122055E23 -7.741835199778681E23 -8.00109174155997E23 -8.260348346046859E23 -8.519605026533198E23 -8.778861797003794E23
4.075478586360251E23 3.816218608016353E23 3.556958723152739E23 3.297698934377228E23 3.038439244259229E23 2.7791796553057918E23 2.5199201699350112E23 2.260660790447158E23 2.001401518994139E23 1.742142357548018E23 1.4828833078694856E23 1.2236243714773695E23 9.643655496202756E22 7.05106843251441E22 4.458482530078726E22 1.8658977919436795E22 -7.266857822681465E21 -3.3192681964071283E22 -5.911849457788465E22 -8.504429577134544E22 -1.1097008568475191E23 -1.3689586449016194E23 -1.6282163238987322E23 -1.887473896148098E23 -2.1467313642293155E23 -2.405988730977614E23 -2.6652459994711003E23 -2.924503173020721E23 -3.1837602551633344E23 -3.4430172496582747E23 -3.7022741604876225E23 -3.961530991860232E23 -4.220787748219577E23 -4.4800444342554534E23 -4.739301054919389E23 -4.998557615443912E23 -5.2578141213654436E23 -5.517070578551012E23 -5.776326993228551E23 -6.035583372020952E23 -6.29483972198362E23 -6.554096050645471E23 -6.81335236605307E23 -7.0726086768174E23 -7.331864992162589E23 -7.591121321975446E23 -7.850377676854246E23 -8.109634068154582E23 -8.368890508029399E23 -8.628147009459234E23 -8.887403586267994E23 -9.146660253118202E23
3.707676589665942E23 3.44841664749653E23 3.1891567991452766E23 2.929897047323596E23 2.6706373947152588E23 2.4113778439508634E23 2.1521183975789254E23 1.8928590580340517E23 1.6335998276028477E23 1.37434070838833E23 1.1150817022740544E23 8.558228108892159E22 5.965640355761207E22 3.373053773615262E22 7.80468369330185E21 -1.8121158537836533E22 -4.404698896088016E22 -6.9972807616521054E22 -9.589861458220061E22 -1.2182440997117714E23 -1.4775019393108263E23 -1.736759666421066E23 -1.9960172831495605E23 -2.2552747918873145E23 -2.514532195288592E23 -2.773789496251973E23 -3.033046697904148E23 -3.2923038035871047E23 -3.551560816849283E23 -3.8108177414409396E23 -4.070074581313917E23 -4.329331340625804E23 -4.588588023748496E23 -4.847844635281098E23 -5.107101180067076E23 -5.366357663215597E23 -5.625614090127162E23 -5.884870466523354E23 -6.144126798480998E23 -6.403383092470554E23 -6.662639355398976E23 -6.921895594656965E23 -7.18115181817056E23 -7.44040803445679E23 -7.699664252682902E23 -7.958920482728313E23 -8.218176735247906E23 -8.477433021734577E23 -8.736689354578244E23 -8.995945747117092E23 -9.255202213675878E23 -9.514458769584295E23
