gridCalculator/out/production/Project/rainfall_IDWinterpolation.asc
ncols	218
nrows	236
xllcorner	466515.47101027
yllcorner	2626221.2241437
cellsize	90.0
NODATA_VALUE	-9999
[rows 184 to 206 of 236, columns 51 to 101 of 218]
-9999.0 -9999.0 -9999.0 -9999.0 240.28310238645113 240.82693293034313 241.36284054151614 241.8888856413029 242.40306343707064 242.90331774603487 243.38755687852066 243.85367149911724 244.29955432275756 244.7231214377379 245.12233498126767 245.49522682790138 245.839922890072 246.15466757603798 246.43784790701093 246.6880167650191 246.90391472877388 247.08448995846015 247.22891561319403 247.33660432721504 247.40721933200328 247.44068188971818 247.43717479592698 247.39714181296668 247.32128300524545 247.21054605969425 247.06611378369016 246.88938807448838 246.6819707443954 246.44564166113628 246.18233472053242 245.89411220711526 245.58313811707325 245.25165101736502 244.9019369962165 244.53630322558166 244.15705260805265 243.76645992209924 243.3667498134874 242.96007691035302 242.54850826758982 242.13400827556183 241.71842610089902 241.30348566508326 240.8907781110336 240.48175665987958 -9999.0
-9999.0 -9999.0 -9999.0 -9999.0 241.02477327841459 241.57185490175365 242.11065695947985 242.6392429227446 243.15561295265215 243.65771754227885 244.14347315872791 244.6107798057592 245.0575403686537 245.48168154062944 245.88117606636692 246.25406597548044 246.5984864198366 246.912689676427 247.19506883502436 247.4441806599377 247.6587671003262 247.8377749257096 247.98037298377736 248.08596661675355 248.15420882987394 248.1850078794426 248.17853103599282 248.13520437696974 248.05570856912843 247.94097070910965 247.79215239686647 247.6106343163428 247.39799768698916 247.15600302491214 246.88656671105934 246.5917359041335 246.27366235715564 245.934575698995 245.57675672681134 245.20251122406648 244.81414477392747 244.41393898231013 244.00412946146014 243.58688585685007 243.16429413014347 242.73834124164372 242.31090230925966 241.88373025942326 241.45844792999964 -9999.0 -9999.0
-9999.0 -9999.0 -9999.0 -9999.0 241.7193099394122 242.2684711057424 242.80902106676086 243.3390317795793 243.85651401016278 244.35943076404604 244.84571265233953 245.31327511544572 245.76003737064008 246.18394289009456 246.5829811549591 246.95521037106857 247.29878077529622 247.61195811131103 247.8931468123323 248.1409123991186 248.35400258626197 248.5313665908146 248.67217215558944 248.7758198356282 248.84195414989264 248.87047126985414 248.86152300009738 248.81551690025614 248.73311249887956 248.61521365404352 248.4629572183553 248.27769826319147 248.06099220461917 247.81457424809994 247.54033662810852 247.24030416042012 246.91660864816845 246.57146268788324 246.20713340948717 245.82591665628786 245.43011206955953 245.02199948997955 244.60381702782138 244.17774108829946 243.74586857061632 243.31020139164687 242.8726334200673 242.43493984595375 241.99876895590032 -9999.0 -9999.0
-9999.0 -9999.0 -9999.0 241.81001482126055 242.36719022391594 242.91729093056978 243.45847264034796 243.98882087616826 244.5063622855247 245.00907783408667 245.49491786526275 245.96181894981936 246.407722396034 246.83059423412286 247.22844643061302 247.5993590310787 247.9415028756581 248.25316248362418 248.53275866364586 248.77887037781105 248.9902553722614 249.16586908725367 249.30488137586042 249.40669059385127 249.47093467324422 249.49749885739925 249.48651985430467 249.438386254086 249.3537351533054 249.23344502845748 249.07862500009924 248.89060072323284 248.67089722508092 248.42121908495875 248.14342840990483 247.83952110224635 247.5116019403651 247.16185900148312 246.79253794603034 246.40591665851403 246.0042807018141 245.58989999290733 245.16500705088686 244.73177710555606 244.29231028955738 243.84861607146928 243.40260002379472 242.95605296014597 242.5106424216878 -9999.0 -9999.0
-9999.0 -9999.0 -9999.0 242.4117517040733 242.96906599055464 243.51900510114646 244.05974033661022 244.58937550015463 245.1059580107778 245.60749183722365 246.0919522247687 246.5573021403935 247.00151031096306 247.42257067518216 247.81852301497295 248.18747447756596 248.52762164825467 248.83727278789314 249.11486981129022 249.35900955508967 249.56846386866664 249.74219806078847 249.87938724947793 249.97943019322585 250.0419602281859 250.06685299721505 250.05423073076045 250.00446292406536 249.91816334680706 249.79618341646724 249.63960206163347 249.44971229218453 249.22800477628982 248.97614879615517 248.69597101285996 248.38943251360192 248.0586046411187 247.70564411476226 247.33276794621116 246.94222863136739 246.53629006543116 246.1172045827358 245.68719146918974 245.24841723575122 244.80297787886835 244.35288329069084 243.900043920308 243.4462597291286 242.9932114303067 -9999.0 -9999.0
-9999.0 -9999.0 -9999.0 242.9693702047037 243.52574960915365 244.07447134541724 244.61372649073573 245.141641471892 245.6562889743858 246.15570059715435 246.63788122394342 247.10082503816446 247.54253305982948 247.96103203219258 248.35439443359994 248.72075933864056 249.05835380410448 249.36551441176954 249.64070856397365 249.88255510153965 250.08984379892874 250.26155329017226 250.39686699233937 250.49518662157837 250.55614293996828 250.57960342861588 250.56567665198784 250.51471315801962 250.42730284517768 250.3042688180105 250.14665784321568 249.95572760523999 249.73293104047838 249.47989809914162 249.19841534131325 248.89040381671944 248.55789570518638 248.20301020630774 247.82792916288818 247.43487288435236 247.02607660514505 246.60376797128436 246.1701458980143 245.72736108543467 245.27749841955185 244.822561425752 244.36445888238154 243.90499364576334 -9999.0 -9999.0 -9999.0
-9999.0 -9999.0 -9999.0 243.48377750271325 244.03819945827206 244.58469899106237 245.12149078312177 245.6467278541575 246.15851225175058 246.65490740986965 247.1339521455596 247.5936762217687 248.03211735871002 248.44733952807582 248.83745231529898 249.20063108662217 249.53513765195603 249.839341073491 250.11173823593796 250.35097376920166 250.55585890013393 250.7253888083412 250.8587580729418 250.95537382322112 251.01486624622336 251.037096157635 251.02215940738003 250.97038796601643 250.88234761961414 250.75883228620708 250.60085505280423 250.4096361149097 250.18658787728577 249.93329754235572 249.65150756872555 249.34309442497118 249.01004609192418 248.65443877976236 248.27841332454489 247.88415171333165 247.47385415916312 247.0497171088363 246.61391251978003 246.16856868974315 245.71575286681414 245.25745580975115 244.79557841177146 244.3319204466247 -9999.0 -9999.0 -9999.0
-9999.0 -9999.0 -9999.0 243.95600705028474 244.50750472360602 245.05083282989554 245.58423313878401 246.10588885856413 246.6139350943057 247.1064708955537 247.58157286215203 248.0373102371703 248.47176137298783 248.88303141137172 249.2692709722477 249.62869560040622 249.95960567643226 250.26040645965384 250.52962789886104 250.7659438229095 250.96819010983918 251.13538143128537 251.2667261797764 251.36163921053227 251.41975206654206 251.44092040529978 251.4252284062819 251.37299000811277 251.28474690093185 251.16126327988863 251.0035174468585 250.81269042622395 250.59015183382922 250.33744330323196 250.0562598277652 249.74842941890267 249.41589150980926 249.06067454725346 248.68487321541426 248.29062572229472 247.8800915547493 247.45543007325492 247.01878027450957 246.57224200089834 246.11785882303943 245.6576027671505 245.19336100483193 244.7269245707877 244.25997912543778 -9999.0 -9999.0
-9999.0 -9999.0 -9999.0 244.38720387873502 244.9348697955984 245.47413657337214 246.0032762097672 246.52050532669702 247.02399538468987 247.5118844073087 247.98229018276092 248.43332487261767 248.8631109172296 249.2697980850311 249.6515814697323 250.00672019689227 250.33355656123655 250.6305352801199 250.896222518594 251.1293243194042 251.3287040585469 251.49339854511888 251.62263239407292 251.7158303226575 251.7726270557457 251.79287457131585 251.77664647384748 251.72423934856678 251.63617102108438 251.51317572239006 251.35619623555112 251.16637317486888 250.94503161781503 250.693665372188 250.41391921335313 250.10756946741992 249.7765033445937 249.422697442161 249.04819583868294 248.65508819060736 248.2454882208014 247.82151295698247 247.38526303852316 246.93880436462507 246.48415130746653 246.02325166263645 245.557973457866 245.09009369141143 244.62128902484298 -9999.0 -9999.0
-9999.0 -9999.0 -9999.0 244.77860977040007 245.32159854542996 245.85597620086452 246.3800477659629 246.89206613637472 247.390242034607 247.87275540067094 248.33776817874784 248.783438430694 249.20793566941154 249.60945726547544 249.98624574010225 250.33660671794513 250.65892727585555 250.95169439031127 251.21351315838643 251.44312444655338 251.6394216097828 251.80146592158016 251.92850036468397 252.01996145263377 252.0754887842793 252.0949320760081 252.07835546893276 252.02603896890733 251.93847694399938 251.81637367453132 251.6606360224057 251.47236335642805 251.25283493609047 251.00349501532304 250.72593597795102 250.42187985634206 250.09315861282823 249.7416935793645 249.36947445449735 248.97853824858453 248.57094854929542 248.1487754511218 247.71407645657663 247.26887861481276 246.81516211745748 246.3548455234179 245.88977273605008 245.42170180898134 244.95229561239913 244.4831143508619 -9999.0
-9999.0 -9999.0 -9999.0 245.131548531893 245.6690787338042 246.19780347454673 246.7160632886196 247.22214984876098 247.7143156635002 248.1907851253674 248.64976687431164 249.0894674080478 249.5081058357281 249.90392963438165 250.2752312300766 250.62036518898984 250.93776576895817 251.2259645511289 251.48360784560256 251.70947354595194 251.90248709659443 252.0617362353297 252.1864841817741 252.27618096137013 252.33047258413353 252.34920783683498 252.33244249592806 252.28044082479389 252.1936742809163 252.0728174242621 251.91874108500585 251.73250291433183 251.51533550390621 251.26863231546628 250.99393170984112 250.6928994030037 250.36730970434013 250.0190259085945 249.64998021781355 249.2621535634692 248.85755568263298 248.43820577681757 248.00611404938957 247.5632643789671 247.1115983437091 246.65300076663488 246.18928690674667 245.72219137627093 245.25335882209438 244.78433637050813 -9999.0
-9999.0 244.36396652440177 244.90864234041194 245.447411578966 245.97876677810518 246.50113986258543 247.01290902511374 247.5124068724988 247.9979298525277 248.46774895278867 248.92012163479984 249.3533049360945 249.76556963997933 250.15521537833092 250.5205864980285 250.86008848760346 251.1722047287242 251.45551330860766 251.70870360578704 251.93059234422375 252.12013880079382 252.27645884974362 252.39883753556035 252.4867398832621 252.53981968237528 252.5579260174222 252.5411073627007 252.48961311121428 252.4038924651152 252.28459067599258 252.13254268556676 251.9487642785818 251.73444091764654 251.49091448237738 251.2196681805707 250.92230993579744 250.60055458267658 250.25620521752901 249.89113405799202 249.50726316079226 249.10654533295312 248.69094554931746 248.26242315974127 247.82291513416945 247.37432055466567 246.9184865219459 246.45719560161524 245.99215489354927 245.52498676793985 245.05722127445264 -9999.0
244.11424016143826 244.65723385362202 245.19550593874578 245.72764401497852 246.2521730721244 246.76756107753977 247.2722257250946 247.76454237867975 248.24285322181373 248.70547760175276 249.1507235304022 249.576900275666 249.98233194624694 250.36537194105702 250.72441810225888 251.05792837958597 251.36443678418627 251.64256938405745 251.8910600714823 252.10876581697542 252.29468111524977 252.447951327549 252.56788463206618 252.65396231045594 252.70584712365635 252.72338956398946 252.70663181201718 252.65580927472084 252.57134963473732 252.45386939682433 252.30416797546238 252.12321942444876 251.91216196344274 251.67228550574006 251.40501743437127 251.11190690853573 250.7946080083534 250.4548620423405 250.094479348685 249.71532091855494 249.3192801579169 248.90826508461043 248.484181230909 248.04891548986743 247.6043211078816 247.1522039875495 246.69431042557306 246.232316371394 245.76781825469504 245.30232539480298 -9999.0
244.38135895768033 244.9175753570816 245.44882681742985 245.97373135550848 246.4908480199722 246.99868240094938 247.49569323861652 247.9803001571498 248.4508925316087 248.90583947355427 249.3435008967911 249.76223959794186 250.16043425814235 250.53649324270387 250.88886904595324 251.21607319962996 251.51669143626384 251.78939887503572 252.03297497789592 252.24631800931317 252.4284587249689 252.5785730138503 252.69599322516353 252.78021792661227 252.83091986389098 252.84795192237203 252.8313509302206 252.78133918649507 252.69832364681778 252.5828927513097 252.43581093288122 252.25801089676597 252.0505838125047 251.81476760564445 251.55193357664686 251.26357160757487 250.95127424208187 250.61671994044684 250.261655818673 249.88788017914223 249.49722513051543 249.09153957729274 248.67267283575518 248.2424591041335 247.80270298210849 247.35516619951488 246.90155567771058 246.44351301072555 245.9826054181227 -9999.0 -9999.0
244.6175056664846 245.14637755427535 245.6700547264105 246.18718702204797 246.69636891323432 247.19614492937305 247.68501611778905 248.1614475620075 248.62387696158618 249.07072425693804 249.50040225980624 249.91132822525972 250.30193627478192 250.67069055286612 251.01609897229653 251.33672737687016 251.6312139256971 251.89828348143735 252.13676176695557 252.3455890419037 252.5238330436022 252.67070093604684 252.78555001747768 252.86789695101228 252.91742530437773 252.93399121345917 252.9176270195829 252.8685427712264 252.7871255259513 -9999.0 252.5297056530507 252.35532512658173 252.15183943662322 251.9204348199267 251.66242660590663 251.37924530005387 251.07242157916542 250.74357047826217 250.3943750567574 250.0265698310406 249.64192425257448 249.24222649557743 248.82926779729567 248.40482756786793 247.97065945703653 247.5284785327063 247.07994969280657 246.62667739821663 246.1701967816984 -9999.0 -9999.0
244.82402467345452 245.34504610110662 245.86065715887008 246.36954069893687 246.87032774893396 247.3616028427505 247.84191032602897 248.30976165348181 248.76364367845414 249.2020279160629 249.62338074003253 250.0261744503653 250.40889912470394 250.77007514126652 251.1082662362616 251.4220929345611 251.71024616999043 251.97150089185598 252.20472943819215 252.4089144446073 252.58316105134747 252.7267081709646 252.838938585277 252.91938765339938 252.96775043250943 -9999.0 -9999.0 -9999.0 -9999.0 -9999.0 -9999.0 -9999.0 -9999.0 -9999.0 -9999.0 -9999.0 251.15995896604727 250.83725018983048 250.49439787055175 250.133072123129 249.75497887655104 249.36184445871976 248.95540066552132 248.53737052004809 248.1094549009713 247.67332018965982 247.23058705485107 246.7828204625689 -9999.0 -9999.0 -9999.0
245.002271417114 245.51499597372617 246.02210909096482 246.52232762045116 247.01432005621257 247.49671176377285 247.96809112413527 248.42701660570316 248.87202476145558 249.3016391308634 249.71438000632114 250.10877500261475 250.4833703455799 250.8367427731817 251.1675119194268 251.4743530295315 251.75600983443653 252.01130739492237 252.23916471108961 252.4386068826454 252.60877660000727 252.74894474631168 252.85851989643135 252.9370565112994 252.98426164420422 253.0 -9999.0 -9999.0 -9999.0 -9999.0 -9999.0 -9999.0 -9999.0 -9999.0 -9999.0 -9999.0 -9999.0 250.89961967333338 250.5635136729946 250.20910239146653 249.83802782080085 249.45195378635873 249.0525517433019 248.64148718913708 248.22040686278214 247.79092687391324 247.3546218782005 246.91301538542098 -9999.0 -9999.0 -9999.0
-9999.0 -9999.0 246.155883619582 246.64707882986633 247.12993477248614 247.60311824762172 248.06526217081185 248.51497241592926 248.95083551893146 249.3714272202959 249.77532180577182 250.1611021854591 250.5273706306749 250.8727600670833 251.19594580175553 251.4956575418638 251.77069154431786 252.0199227196016 252.24231650011464 252.436940274192 252.60297418232605 252.73972107247522 252.8466154171046 252.92323100596823 252.96928724559297 252.98465391873725 -9999.0 -9999.0 -9999.0 -9999.0 -9999.0 -9999.0 -9999.0 -9999.0 -9999.0 -9999.0 -9999.0 250.93254491361282 250.60352199366642 250.25639080414098 249.89272939177042 249.5141388404066 249.12222978836408 248.7186094931155 248.30486960511186 247.88257478832415 247.45325229945706 -9999.0 -9999.0 -9999.0 -9999.0
-9999.0 -9999.0 -9999.0 246.74531242975783 247.2187451855664 247.6824504153934 248.13510584738606 248.57536492100775 249.00186419738392 249.41323154521154 249.8080950619161 250.18509267166993 250.54288232303813 250.88015268985865 251.1956342600401 251.48811067887465 251.75643019688576 251.99951705783224 252.21638265095996 252.40613624357113 252.5679951060467 252.7012938420823 252.80549274242094 252.88018499095384 252.92510256770734 252.94012071371554 -9999.0 -9999.0 -9999.0 -9999.0 -9999.0 -9999.0 -9999.0 -9999.0 -9999.0 -9999.0 -9999.0 250.9378808511546 250.61621614570447 250.2766661651052 249.92074536380412 249.549992219434 249.16595645992382 248.77018677461675 248.36421916241474 247.94956604815684 247.527706275151 -9999.0 -9999.0 -9999.0 -9999.0
-9999.0 -9999.0 -9999.0 -9999.0 247.28230093711562 247.73630972202096 248.1792747925365 248.60989710146703 249.02686305760952 249.42885235922742 249.81454650293992 250.18263791134368 250.53183960543873 250.86089533047544 251.16859002667047 251.45376051990735 251.71530629263324 251.95220018229818 252.16349884446407 252.3483528107064 252.50601596815457 252.63585428837686 252.73735363861047 252.81012651820834 252.85391757760573 -9999.0 -9999.0 -9999.0 -9999.0 -9999.0 -9999.0 -9999.0 -9999.0 -9999.0 -9999.0 -9999.0 -9999.0 -9999.0 250.60336902373095 250.2716417635374 249.92372691405575 249.56110081367717 249.18525252828536 248.79767219909482 248.39983996069896 -9999.0 -9999.0 -9999.0 -9999.0 -9999.0 -9999.0
-9999.0 -9999.0 -9999.0 -9999.0 -9999.0 -9999.0 248.1993846128978 248.62023163264342 249.02754077043932 249.4200430528956 -9999.0 250.1555760825818 -9999.0 -9999.0 251.1167637142223 251.39459039929122 251.64933317524498 251.88001254103054 252.08572954261552 252.265675184466 252.41913929083367 252.54551865857778 252.64432434832108 -9999.0 -9999.0 -9999.0 -9999.0 -9999.0 -9999.0 -9999.0 -9999.0 -9999.0 -9999.0 -9999.0 -9999.0 -9999.0 -9999.0 -9999.0 -9999.0 -9999.0 249.90330246641042 249.54903368596837 249.18162582381407 248.8025108031235 -9999.0 -9999.0 -9999.0 -9999.0 -9999.0 -9999.0 -9999.0
-9999.0 -9999.0 -9999.0 -9999.0 -9999.0 -9999.0 -9999.0 -9999.0 -9999.0 -9999.0 -9999.0 -9999.0 -9999.0 -9999.0 251.04203699050225 251.31251200344752 251.56045004772528 251.78491818814462 251.98506082815416 252.16010850413883 -9999.0 -9999.0 -9999.0 -9999.0 -9999.0 -9999.0 -9999.0 -9999.0 -9999.0 -9999.0 -9999.0 -9999.0 -9999.0 -9999.0 -9999.0 -9999.0 -9999.0 -9999.0 -9999.0 -9999.0 -9999.0 249.5153317097855 249.15656086796645 248.7861291467221 -9999.0 -9999.0 -9999.0 -9999.0 -9999.0 -9999.0 -9999.0
-9999.0 -9999.0 -9999.0 -9999.0 -9999.0 -9999.0 -9999.0 -9999.0 -9999.0 -9999.0 -9999.0 -9999.0 -9999.0 -9999.0 -9999.0 251.20936004369895 251.4505166176575 251.66879939535156 251.86339497448307 -9999.0 -9999.0 -9999.0 -9999.0 -9999.0 -9999.0 -9999.0 -9999.0 -9999.0 -9999.0 -9999.0 -9999.0 -9999.0 -9999.0 -9999.0 -9999.0 -9999.0 -9999.0 -9999.0 -9999.0 -9999.0 -9999.0 -9999.0 -9999.0 -9999.0 -9999.0 -9999.0 -9999.0 -9999.0 -9999.0 -9999.0 -9999.0
