gridCalculator/out/production/Project/rainfall_IDWinterpolation.asc
ncols	218
nrows	236
xllcorner	466515.47101027
yllcorner	2626221.2241437
cellsize	90.0
NODATA_VALUE	-9999
[rows 115 to 137 of 236, columns 51 to 101 of 218]
173.49672317329475 172.94078687803582 172.4004952725769 171.87855015892134 171.37787879097272 170.9016450487576 170.4532598505908 170.0363904178371 169.65496792324998 169.3131929587912 169.01553815260698 168.76674714853033 168.5718290373356 168.4360472007505 168.36490140269294 168.364101845547 168.43953381368343 168.59721146636045 168.84321933573526 169.18364015467182 169.6244678081811 170.17150449848947 170.830241663787 171.60572481857164 172.50240330603827 173.52396697467995 174.6731729983153 175.95166741258245 177.35980737275042 178.89649154507438 180.5590072912027 182.34290422939327 184.24190418010065 186.24785725508545 188.35075278885574 190.5387918610391 192.79852533034568 195.11505771786855 197.47231317933773 199.85335553656162 202.2407503120686 204.61695336090406 206.96470840885985 209.26743487107015 211.50958786953595 213.6769743459997 215.75701235923293 217.73892470749703 219.6138624906378 221.3749586693292 223.0173156856418
173.31456457413765 172.74385305446782 172.1885191482714 171.65130967861788 171.13520425248814 170.64342715415694 170.17945852051324 169.74704440876656 169.3502052802914 168.9932423253037 168.68074094170856 168.41757055868723 168.20887986345966 168.0600863517884 167.97685898487802 167.96509260563823 168.03087265723386 168.18042867146957 168.42007497285996 168.75613709926938 169.19486259846605 169.7423151511195 170.40425142459125 171.18598070575405 172.09220821560532 173.1268640816537 174.2929212247839 175.5922068680149 177.02521392489408 178.5909200676165 180.28662366417777 182.10780683287328 184.04803639556175 186.0989133256349 188.2500802219928 190.489294301415 192.80257039138274 195.17439454886062 197.58800448430492 200.02572830946644 202.469368709842 204.9006159499412 207.3014705882353 209.65465572943674 211.94399922442048 214.15476839338663 216.27394335331329 218.290419479413 220.19513443428414 221.98112005348943 223.6434837325756
173.17268159323027 172.58849332533853 172.01945390527703 171.46835450578044 170.93822590535353 170.43235099927688 169.95427662464581 169.507824305828 169.09709943750804 168.7264983201071 168.40071234669972 168.12472851231945 167.90382527760954 167.7435626726391 167.64976537896007 167.6284973869326 167.68602670258704 167.82877848927163 168.063274993805 168.396060649001 168.83361089260072 169.3822235283036 170.04789191039157 170.8361598900356 171.7519593428307 172.79943221486567 173.98174037027422 175.30086806053544 176.75742349343898 178.35044764576298 180.07723998486 181.93321195067452 183.91177968864145 186.00430740306734 188.2001116392559 190.48653468864353 192.84909213738354 195.27169547131632 197.73694588017514 200.22649037518153 202.7214265448322 205.20273825266406 207.65174181025068 210.05052099561416 212.38232990100988 214.63194493406945 216.78595109770896 218.83295250071384 220.76370236555792 222.5711530485416 224.25043127712507
173.0732526856694 172.47701750211635 171.89574825982973 171.33228009342568 170.7896940179384 170.27132994119341 169.78079900744416 169.32199487438268 168.89910343443276 168.51661038622382 168.1793059430806 167.8922858327935 167.66094759859047 167.4909810584594 167.38835162429362 167.35927503204002 167.41018190083187 167.54767043875978 167.778445565785 168.10924275545096 168.5467350361681 169.09742187324076 169.76749910944122 170.56270980825275 171.48817674704756 172.54821846196177 173.74615214626232 175.08408831485173 176.56272389741218 178.18114219643462 179.93662978368948 181.8245217088488 183.83808712963338 185.96846741406375 188.20467771307358 190.5336808276343 192.94053888136534 195.40864398300903 197.9200240060595 200.45571425414602 202.99618065460675 205.52177580074982 208.01320617013596 210.4519875730957 212.82086652132165 215.10418770030415 217.28819179724096 219.3612331059699 221.3139120204848 223.13912313813125 224.83202469007438
173.01834358694816 172.41161439429698 171.8197209479482 171.24554219366962 170.6922086485755 170.16311578489132 169.6619367446005 169.19263398228304 168.75946934080682 168.36701195764323 168.02014327809025 167.72405831603595 167.48426215468564 167.30656052215954 167.19704311546846 167.16205818936808 167.20817678575395 167.34214487056553 167.57082158933986 167.9011018753864 168.3398217767096 168.8936451439867 169.56893077889254 170.3715798154944 171.30686402696108 172.37923693253595 173.59213102206863 174.94774608411996 176.44683544690602 178.08849880176072 179.86999201086516 181.78656569544358 183.8313452182012 185.99526466995226 188.2670664305072 190.63337565556662 193.07885561778227 195.58644532520447 198.1376755455351 200.71305372875045 203.29250290781096 205.85583507532618 208.38323634456773 210.85573982802404 213.2556628127423 215.56698743042722 217.77566831198754 219.86985617929355 221.8400323407598 223.679054980995 225.38212340022386
173.00988599080176 172.3943283040184 171.79353479691673 171.2104282419091 170.64818805253603 170.1102638961312 169.60038861697228 169.1225900616306 168.68120130469978 168.28086866510444 167.92655678032327 167.62354986848922 167.37744815796424 167.19415830381345 167.07987644598023 167.0410624031333 167.08440335091558 167.21676521975363 167.4451299864454 167.77651705162094 168.21788702317303 168.77602649947727 169.4574129036525 170.26805909840928 171.21333844158906 172.2977921442999 173.52492226478748 174.896975379865 176.41472385030087 178.07725351843004 179.88176847659105 181.82342500867105 183.89520768635333 186.08786064137726 188.38988600874183 190.7876192896789 193.26538788230698 195.80575439331744 198.38984087230162 200.9977242639805 203.60888773872026 206.2027077740409 208.7589535098753 211.25827343532563 213.68264510791408 216.01576631305238 218.24337053202612 220.3534552775856 222.33641812672906 224.18510145712617 225.89475237974716
173.04965723593318 172.4270366467497 171.81917205305373 171.22903014179522 170.6598386499568 170.1151000525296 169.59860451860618 169.1144417207201 168.66701098874543 168.26102919142102 167.90153560544687 167.59389289445292 167.34378316947095 167.15719794197838 167.04042061546474 167.0 167.04271318823626 167.17551601673756 167.40547927452474 167.73970883754913 168.18524803502046 168.74896082705817 169.43739483155187 170.25662391926423 171.21207103241426 172.30831309324552 173.54887135470355 174.9359922742636 176.47042589314384 178.151210657796 179.97547545852262 181.9382711633757 184.03244484192476 186.24856994165097 188.57494466581102 190.99766854443197 193.50080364820602 196.0666221861487 198.67593664952912 201.3085026861379 203.94347910917475 206.5599245170265 209.13730653412634 211.65599814460484 214.0977362164825 216.4460200656767 218.68643247286573 220.80687140607108 222.79768714795094 224.6517258835911 226.36428645351083
173.13926144653706 172.511429209823 171.89841155460869 171.30321912863224 170.72912733455294 170.17968993018656 169.65875183110035 169.17046069305334 168.7192767582906 168.30998034206775 167.94767621359244 167.63779398919922 167.38608350655113 167.19860399013035 167.08170565556927 167.04200224165058 167.08633281579583 167.22171108754588 167.45526040581532 167.79413263570555 168.2454092407541 168.8159831724313 169.51242062882213 170.34080242649648 171.30654566586614 172.41420758100082 173.66727494952795 175.0679441663578 176.61689898624184 178.31309489658497 180.1535609240354 182.1332311886202 184.2448194450912 186.47874993016268 188.82315683036757 191.26396243385622 193.7850404851821 196.36846653872726 198.99485149858714 201.64374850910116 204.2941175218607 206.92482687081116 209.5151676558734 212.04535514341165 214.49699198588328 216.85347081171432 219.10029832992836 221.2253289941748 223.21890280081507 225.07388824924408 226.78563723873012
173.2801125521511 172.6489895386389 172.03280831380147 171.4346233607352 170.8577568711426 170.30581208718553 169.78268575577604 169.29257926413104 168.84000793294908 168.42980783749232 168.0671394068448 167.7574869181527 167.50665285732464 167.32074596368753 167.20616161880199 167.16955308717726 167.21779198060446 167.35791621403862 167.59706366995832 167.9423898156114 168.40096765423104 168.97966867217204 169.68502390639776 170.52306493761424 171.49914554490707 172.61774595733877 173.88226310574922 175.29479198355452 176.85590509923657 178.56443892926788 180.4172980917868 182.4092894445324 184.5329992170265 186.77872635822243 189.13448428376785 191.58608097840337 194.11728390203263 196.71007147219873 199.34496733891888 202.00144769028708 204.6584060216317 207.2946548196588 209.8894400718708 212.42294288828512 214.8767430701356 217.2342221566527 219.48088802666416 221.60460899770504 223.5957518808919 225.44722491039053 227.15443223847495
173.47341957654947 172.84097889888054 172.22367602389804 171.6246088324304 171.04714506513218 170.4949352298657 169.9719245073719 169.48236321456292 169.03081529404395 168.62216419494723 168.26161539365623 167.95469467412642 167.7072411479944 167.5253938478058 167.41557057786645 167.3844375645357 167.43886832266986 167.58589006287613 167.83261592526506 168.1861613644197 168.65354315698883 169.24155979129654 169.95665246344117 170.8047465814711 171.79107459780207 172.91998216773518 174.19472106669716 175.61723395997618 177.18793793793793 178.90551559364926 180.76672416675603 182.76623470034693 184.89651401647305 187.14776236148867 189.50791857960246 191.96274248433622 194.49598066744528 197.0896174183406 199.724207001397 202.3792776980814 205.03379233934788 207.66664516493174 210.25717135136944 212.78564392003497 215.23373322488817 217.5849068152738 219.82475188959776 221.94120829229507 223.9247064076353 225.7682106795243 227.46717521091483
173.72017453376662 173.08842320273982 172.47207293664934 171.87426411976915 171.29840829032045 170.74820043428554 170.2276301398487 169.74099116179357 169.29288885700217 168.88824485229594 168.53229819424564 168.23060210804726 167.98901536100607 167.81368708900055 167.71103380694632 167.6877071947701 167.75055113995083 167.90654644130484 168.16274155567112 168.52616782331748 169.0037377674205 169.6021253595951 170.32762761067016 171.186007516053 172.18231928485065 173.32071792658482 174.6042566550379 176.03467716429577 177.61219957047214 179.33532058451806 181.20063013205896 183.20265796825296 185.33376262171356 187.5840750057304 189.94150804543477 192.3918415381497 194.91888814899147 197.50474204521404 200.1301064539851 202.77469081086508 205.41766269540386 208.03813502982496 210.61566562252483 213.1307445243292 215.56524508396615 217.90281703949415 220.12920420511423 222.23247482936756 224.20315889099848 226.03429279947457 227.72137757056848
174.02114320340982 173.3921032098079 172.77879146459748 172.18438936330958 171.61234983590526 171.06640884768646 170.55059560117732 170.06924097825743 169.62698367705391 169.22877340294744 168.87987036776545 168.58584023682258 168.35254354201135 168.18611845417416 168.09295568497367 168.07966417531972 168.1530261350035 168.3199399409335 168.58734939759037 168.96215793544368 169.4511264973906 170.06075416910363 170.7971410771148 171.66583373760122 172.67165391256066 173.81851313048338 175.10921634974198 176.5452597529411 178.12662929428154 179.85160827520824 181.71660375011749 183.71600277917383 185.84207023764841 188.08489984234004 190.43242907045487 192.87052658961684 195.38315765291094 197.95262873533028 200.55990774377335 203.18501081482762 205.807441531309 208.40666390425943 210.96258722256687 213.45603929818876 215.86920497587295 218.1860090430617 220.39242663668801 222.4767094589485 224.42952200573905 226.24398795375637 227.91565226491818
174.37685897954248 173.75254822177536 173.14435175516172 172.55548976574434 171.98945338460277 171.45001521937644 170.94123840745002 170.46748372057343 170.03341417026328 169.6439964741299 169.30449864579367 169.02048286653303 168.7977926875196 168.64253350109664 168.5610451135077 168.5598651574866 168.6456820116434 168.82527585823436 169.10544652882723 169.49292687928954 169.99428062546048 170.61578388528784 171.36329013934642 172.24207896482713 173.2566897378604 174.41074254410086 175.70674977949994 177.14592332988667 178.72798372664036 180.45097918806135 182.3111238363468 184.3026654586833 186.41779376476507 188.64659998427075 190.97709767106517 193.39531261608067 195.88544678799784 198.43011730973353 201.0106668657907 203.60753698051184 206.2006907752414 208.7700676206719 211.29604904736894 213.75991376336316 216.14425988663453 218.4333745539553 220.61353471512743 222.67322776824636 224.60328620963605 226.39693608287283 228.04976417008226
174.78761990069464 174.1700333881955 173.56899936365298 172.98777374133968 172.42988176818534 171.8991274156756 171.39960109759195 170.935685235078 170.51205711544148 170.1336884090855 169.80584062075974 169.5340556584168 169.3241406077993 169.18214570721136 169.11433443012723 169.12714451079447 169.2271386996657 169.4209440240174 169.71517837018146 170.1163633161847 170.6308223486999 171.26456391933925 172.0231492559577 172.91154546603877 173.93396526688494 175.09369565640012 176.3929189881042 177.8325312023283 179.41196333262496 181.129013761124 182.97969991498783 184.95813902517685 187.05646803578662 189.26481258199703 191.57131399317404 193.96222142123804 196.42205342004908 198.93382969284244 201.47936948655 204.03964856752629 206.59520228012573 209.12655833296117 211.61468012781359 214.04140000931682 216.38982198958266 218.64467532244493 220.79260359861044 222.82237845975422 224.72503211523215 226.49390806460573 228.1246342800872
175.2534888766407 174.6445806327408 174.05270702586105 173.48115570571443 172.93348097259303 172.41351186929495 171.92535839044157 171.47341532434427 171.06236317391242 170.6971655295063 170.38306218916222 170.12555724195025 169.93040125096044 169.80356659731876 169.75121498093623 169.77965602442205 169.89529590288313 170.10457493571766 170.41389314104282 170.82952288561603 171.35750798162738 172.00354890640398 172.77287427144392 173.6700992603474 174.69907250254323 175.8627137529938 177.1628457947573 178.60002513949183 180.17337731484474 181.88044371405095 183.71704803098527 185.67719107792357 187.75298313225883 189.9346227304621 192.21042989067962 194.56694001243102 196.98906215667117 199.46030212866344 201.9630469517831 204.47890321772877 206.98907779514667 209.47478588483867 211.9176688251619 214.30020270491295 216.60607893651098 218.82053951973916 220.93065264967123 222.925518296231 224.79639799529292 226.53676787526823 228.14229844329623
175.77429703450125 175.17596310050286 174.5951804035291 174.03526334563344 173.49978919083117 172.9926047103916 172.5178307289634 172.0798640831029 171.68337644257858 171.33330938089424 171.03486501608617 170.79349147788264 170.6148623954534 170.5048495449262 170.46948775256814 170.514931124517 170.64739967543917 170.87311546669554 171.19822745173082 171.6287243765995 172.1703353124247 172.82841772046254 173.60783338493007 174.51281310679536 175.5468117408907 176.71235597776223 178.010888206682 179.44261081645197 181.00633634472248 182.69934990023464 184.51729115821647 186.4540638498006 188.5017809023447 190.6507531101632 192.88952831392277 195.20498647056968 197.58249369383913 200.00611540715647 202.45888533489162 204.92312341119214 207.38079212544346 209.81387770525566 212.20478021013784 214.53669536237425 216.79397096184564 218.9624220655699 221.02959165548972 222.98494702383687 224.82000622232647 226.5283932420856 228.10582471003292
176.34965001657054 175.76371292191521 175.1958675538825 174.64944906646633 174.12805055690552 173.63552813517137 173.17600367467142 172.75386475562513 172.37376125989547 172.04059802294512 171.75952289651468 171.53590952659349 171.37533410796854 171.2835453426344 171.26642680919988 171.32995094994007 171.48012390850536 171.72292051322432 172.0642088086518 172.50966370313105 173.06466953522352 173.7342116797046 174.52275772623554 175.4341292799223 176.47136605690284 177.6365846762289 178.9308353670009 180.35396068807665 181.90446125068007 183.57937427693088 185.37417153602448 187.2826836751237 189.29705809557137 191.40775721009067 193.60360306280975 195.87187284435083 198.19844778329335 200.5680153037879 202.9643213426442 205.3704665270974 207.76923679569563 210.1434563016002 212.47634836861621 214.75188912835378 216.95513841935667 219.07253362775856 221.09213431731828 223.00380853608306 224.79935530350278 226.47256162723582 228.01919611834907
176.97893697901736 176.4071319925638 175.8539717631001 175.32280518659832 174.8172330462331 174.34111139806242 173.89855242064226 173.49392224406628 173.13183523076566 172.81714413915003 172.55492556344268 172.35046001093127 172.2092059539185 172.1367671811816 172.13885277678304 172.22122907759012 172.38966301083855 172.64985629661265 173.00737012533392 173.46754009630945 174.03538143964167 174.71548484977944 175.5119036429941 176.42803341883712 177.4664859585094 178.6289597257075 179.91611003337488 181.3274226765897 182.86109556736884 184.51393358612222 186.2812624167378 188.1568674756022 190.1329640905353 192.20020474717353 194.34772842537825 196.5632557523224 198.83323189975093 201.1430169025432 203.47712048748164 205.81947574892172 208.15374331550802 210.46363527166696 212.73324628105274 214.94737832328497 217.0918453490425 219.15374503694102 221.12168664695804 222.98596655417276 224.7386861735878 226.37381035991402 227.8871676805253
177.66134196779745 177.10530538470107 176.56846728820528 176.05418233927693 175.5660499042814 175.10791567337333 174.6838705334338 174.29824621978227 173.95560723814071 173.6607385198043 173.41862825037512 173.23444529778024 173.1135106610299 173.06126237013282 173.08321329316894 173.1849013527164 173.37183172530803 173.64941069971144 174.02287100860187 174.4971886301466 175.07699128784412 175.76645916503145 176.56921870000656 177.48823074165867 178.52567482309556 179.68283184575125 180.95996804518825 182.3562237092502 183.8695107053971 185.49642340117518 187.23216797268714 189.0705153243236 191.00378281797708 193.02284966290375 195.11721009144733 197.27506730673352 199.48346963579223 201.72848839849246 203.99543480156586 206.2691108292391 208.53408680996546 210.77499629968702 212.97683734498423 215.1252682579098 217.2068858792587 219.20947498499527 221.12221897114122 222.9358641185232 224.6428323998399 226.2372807079881 227.71510729910943
178.39585728869767 177.8571169391459 177.33811747630355 176.84221045777326 176.37298387096772 175.93426192810216 175.53010191975957 175.16478766508448 174.8428190750642 174.5688973302091 174.3479051669602 174.18488177023067 174.08499178472033 174.05348798737313 174.09566721017094 174.21681916928534 174.42216794669073 174.71680598728534 175.1056206222787 175.59321331222355 176.18381202468763 176.8811774258749 177.68850387519137 178.60831656764233 179.6423665689409 180.7915259259394 182.0556854983807 183.4336586277549 184.92309420762493 186.5204031105636 188.22070221464622 190.01778040524906 191.90409085034344 193.87077350625287 195.9077111618994 198.0036213465999 200.14618510966608 202.32221206372773 204.5178392410686 206.7187593556858 208.9104721390886 211.07855069231152 213.20891344129353 215.28809145118834 217.30348066152385 219.24356910479247 221.0981303530395 222.85837621592765 224.5170639422871 226.06855566287294 227.50883034163292
179.18129844458446 178.6612665378802 178.16149467717736 177.68532166240587 177.2363134069759 176.8182608828331 176.43517494678588 176.0912776052876 175.79098926495587 175.53891151473167 175.3398049943522 175.19856192439397 175.12017290721207 175.10968765735026 175.172169386135 175.31264264992348 175.5360345766555 175.8471095128098 176.25039728452828 176.75011544448193 177.35008608186126 178.05364800815954 178.8635653969322 179.7819342508763 180.81008839169382 181.94850701153376 183.1967261794291 184.55325704690443 186.01551382246586 187.57975485699993 189.2410403667321 190.9932103777154 192.82888636361534 194.7394997260961 196.71534970053568 198.74569243864408 200.81886192351567 202.92242203761697 205.04334758634798 207.168230466196 209.2835055713876 211.37568958915375 213.43162467940869 215.43871829690306 217.3851701915014 219.2601779701132 221.05411352263974 222.75866404687775 224.36693324330813 225.8735003390106 227.2744367670251
180.01632018595885 179.5162885294483 179.03700133639137 178.58177433933332 178.15414010094278 177.75784411354826 177.3968376261235 177.0752667803245 176.79745763928602 176.56789670536725 176.3912065473404 176.27211619496416 176.2154260106342 176.22596681479823 176.30855312480185 176.46793046630592 176.7087168327346 177.03533850156802 177.45196056680223 177.9624127146161 178.57011095418568 179.27797621748988 180.0883509602934 181.0029151299662 182.02260311184224 183.14752351989372 184.3768839522882 185.7089230769231 187.14085263090655 188.6688120908661 190.2878388727452 191.9918569211751 193.77368641809866 195.6250770472875 197.53676676965193 199.49856737733546 201.49947720092666 203.52782026184823 205.57140993242874 207.6177338549267 209.65415556553245 211.6681270738743 213.64740567305728 215.58026760407137 217.45571095632164 219.26364040562754 220.995027083169 222.64203799823417 224.19813092470042 225.65811239025265 227.01815823991822
180.89943321124403 180.42057077150338 179.9628916513473 179.52967770083808 179.12441644272738 178.75079536233685 178.41269279871264 178.1141650481364 177.85942930524806 177.65284209315016 177.49887287310483 177.40207257769822 177.36703687916568 177.39836408708783 177.50060766658143 177.67822347872456 177.93551196822187 178.2765556579006 178.70515245407316 179.22474541959681 179.8383498311744 180.5484785027582 181.35706652656765 182.26539675583535 183.27402752707758 184.38272429160625 185.5903969916578 186.89504516903742 188.2937129235853 189.7824559314555 191.3563227717407 193.00935277356862 194.73459246138356 196.52413242050403 198.3691660077656 200.2600707791878 202.18651279479263 204.1375731011695 206.101894713921 208.06784737255532 210.02370628544662 211.95784010198508 213.85890252999977 215.7160214439745 217.51897907589847 219.25837699524797 220.92578008563476 222.5138345948999 224.0163565182944 225.42838798477248 226.74622084601782
