gridCalculator/out/production/Project/rainfall_IDWinterpolation.asc
ncols	218
nrows	236
xllcorner	466515.47101027
yllcorner	2626221.2241437
cellsize	90.0
NODATA_VALUE	-9999
[rows 138 to 160 of 236, columns 51 to 101 of 218]
181.82902106041522 181.3723737667877 180.93729319098608 180.5270161433531 180.14497318520193 179.79478117589292 179.4802323260327 179.20527940198957 178.97401675293045 178.79065687079324 178.6595022468265 178.58491235596983 178.57126568224263 178.62291679374988 178.7441485835645 178.9391199107377 179.21180900167226 179.56595310342345 180.00498501438517 180.53196725159063 181.14952474512305 181.85977707695747 182.66427140254245 183.5639173076357 184.5589249596366 185.64874801103244 186.83203280097533 188.10657547637453 189.4692887109822 190.91617973175872 192.44234135512056 194.04195767723823 195.70832593565797 197.43389584647636 199.21032740555097 201.02856771122504 202.87894681448216 204.75129193556484 206.63505862240328 208.5194765991098 210.39370721038608 212.24700857041154 214.06890384067646 215.8493475592069 217.57888468526124 219.24879705470903 220.85123228466176 222.3793108162193 223.82720770657681 225.19020691427838 226.46472708128306
182.80335676840127 182.3698493988134 181.9582279188245 181.57167276972902 181.21354558123363 180.88738007216455 180.5968693956582 180.34584961213577 180.1382790107244 179.97821305122028 179.8697747646135 179.8171205304286 179.82440124281112 179.89571898280798 180.03507942932427 180.24634036281878 180.5331567404515 180.89892294535932 181.34671293223533 181.87921910293642 182.4986908465447 183.20687376609897 184.00495068802869 184.89348561009564 185.87237179015585 186.94078521251828 188.09714469223658 189.33907989065182 190.66340851664302 192.0661239737803 193.54239467749207 195.0865761990288 196.6922372822964 198.3522006116567 200.05859896952134 201.8029471000284 203.57622918206107 205.36900131162236 207.17150781042923 208.97380953655 210.76592170817744 212.5379581082583 214.28027796851057 215.98363139198727 217.6392989159779 219.23922078366314 220.77611170892857 222.2435573881379 223.6360897157956 224.94923855526184 226.17955893928166
183.8206188813191 183.41105881915007 183.02363211565566 182.66145151226846 182.32779786873886 182.02610954120402 181.75996817814135 181.5330806588285 181.34925694687632 181.21238369392128 181.12639350562065 181.0952298728881 181.12280787424805 181.21297086780712 181.36944351039182 181.5957815629361 181.8953190608027 182.27111354077135 182.72589011848194 183.26198529724982 183.8812914583861 184.58520303266738 185.374565382055 186.24962743127315 187.20999908281073 188.25461442963422 189.38170175100555 190.58876124148702 191.87255138338202 193.22908482831926 194.6536346014903 196.1407513761581 197.68429247742154 199.27746315143665 200.9128704668317 202.5825899870381 204.27824505671788 205.9910981787574 207.71215352434643 209.43226913078558 211.14227682330386 212.83310738142558 214.49591799803792 216.12221869510552 217.7039941081229 219.23381696990947 220.70494973970605 222.11143114617477 223.4481449344855 224.71086880064314 225.89630231589666
184.8789064867172 184.4939890966172 184.1313747689166 183.79409737833598 183.48534547928264 183.20845030923854 182.96687021903526 182.76417129827226 182.60400402164638 182.4900758141875 182.42611951978228 182.41585785650963 182.46296405187817 182.57101896779886 182.7434651449478 182.98355831432278 183.2943170351066 183.6784712172304 184.13841036945368 184.6761324753452 185.29319443750057 185.99066504350014 186.76908139611618 187.62840971756145 188.5680113871968 189.58661500930893 190.68229523810294 191.85245901639345 193.09383981688973 194.40250041264966 195.7738446456143 197.20263860527703 198.68304156636748 200.20864695501854 201.77253350548915 203.36732662212233 204.9852697634166 206.6183054102412 208.25816486754934 209.89646578521422 211.52481588420682 213.13492096318714 214.71869486898552 216.2683687785212 217.7765968967721 219.23655555959937 220.6420327679349 221.98750538560967 223.26820160675535 224.48014682418795 225.62019167636853
185.97625296601524 185.61656830662292 185.2792740765046 184.96731443612404 184.68377455887773 184.4318674282678 184.21491710620185 184.03633828563778 183.89961200665994 183.80825749542308 183.76580017916368 183.77573603564144 183.8414925489269 183.96638666142746 184.15358022964259 184.40603360296112 184.72645804518214 185.11726780183912 185.58053267792928 186.11793202650617 186.73071105656243 187.4196403483701 188.18497941773677 189.0264451012879 189.94318544853377 190.933759710029 191.9961249118623 193.1276294121842 194.32501375137517 195.58441903749002 196.9014030535747 198.27096423073095 199.68757359434795 201.1452147515668 202.63743193443142 204.1573860330421 205.6979184349007 207.25162232175836 208.8109208594937 210.3681514519465 211.9156549256395 213.44586818598964 214.95141856092977 216.4252177539711 217.8605530971705 219.2511736556355 220.59136871457747 221.8760362944005 223.10073959435078 224.26174965331268 225.3560730168706
187.11063824048432 186.77667881311817 186.46511179979203 186.17878125972834 185.92065850784923 185.69382789052506 185.50146911069697 185.3468359608875 185.23323139544883 185.1639789601561 185.1423906963433 185.1717317456259 185.25518199622607 185.39579522844065 185.59645632950495 185.85983725115437 186.18835247059843 186.58411478180187 187.04889228418637 187.58406744679172 188.19059910607456 188.86898820553665 189.61924800822183 190.44087941396077 191.332851899082 192.29359047542107 193.32096894659327 194.41230963092312 195.5643896290032 196.77345364408285 198.0352333168169 199.3449730102783 200.69746197093554 202.08707278769143 203.5078060628323 204.95334118339713 206.4170930268947 207.89227434134403 209.3719633998806 210.8491763435053 212.3169433971303 213.768387885865 215.19680670888098 216.59575067078325 217.95910285183717 219.2811530455956 220.55666622942948 221.78094307811708 222.94987069212198 224.0599619890906 225.10838258692777
188.27999934873915 187.97216857294376 187.6866452900062 187.4261636557076 187.19357136483336 186.9918146021223 186.82391965287204 186.692971076363 186.60208642356488 186.55438757195344 186.5529688526199 186.600862255099 186.70100010932714 186.8561757568016 187.06900282858643 187.34187384016727 187.67691888626018 188.07596526704813 188.54049889663528 189.07162833206394 189.67005221641438 190.33603085401202 191.0693625337302 191.86936509414522 192.7348630900383 193.6641807827265 194.65514104651476 195.70507016907976 196.8108084320777 197.96872629443152 199.17474596616603 200.42436815330626 201.71270376868017 203.0345104306954 204.38423360110443 205.7560522309114 207.14392877844705 208.54166342436127 209.94295222709763 211.34144883604262 212.73082921023362 214.10485858652874 215.4574597166553 216.78278116671356 218.07526426807928 219.329707148917 220.54132418290953 221.70579918432 222.81933076745656 223.87866847685726 224.8811385755655
189.48223926125002 189.20086036983201 188.94161710065094 188.70712459395526 188.500097973855 188.32333667832415 188.17970558858968 188.07211290415214 188.00348479188708 187.97673693182318 187.99474318578768 188.0603017245973 188.17609906028534 188.3446725365717 188.56837192740474 188.84932087370623 189.18937894650787 189.59010515533308 190.05272372016648 190.57809289173616 191.1666775384084 191.81852612151266 192.53325255957066 193.3100233430478 194.1475501139131 195.04408777842076 195.99743808710502 197.00495850206013 198.06357608535836 199.16980608846376 200.31977490200396 201.50924703600887 202.73365583696267 203.98813770093727 205.26756960053552 206.5666097949545 207.8797416247245 209.20132029446836 210.52562250991997 211.84689875490994 213.1594278703655 214.45757343622824 215.73584126952244 216.9889371532692 218.2118237206449 219.39977525749612 220.54842907431632 221.65383205348732 222.71248101140583 223.72135563369716 224.67794294294453
190.71523390355614 190.46055896039348 190.22776218338376 190.01933136082485 189.83784097954123 189.68593614046682 189.56631343972904 189.48169880219126 189.43482233891964 189.4283903951907 189.46505505856442 189.5473815033023 189.67781365313652 189.8586387434555 190.09195145027422 190.3796183207782 190.72324328309176 191.12413502656753 191.5832770252057 192.10130092466775 192.67846392900003 193.31463071032152 194.00926022947556 194.76139770612656 195.5696718226081 196.4322970972545 197.34708123002724 198.3114371148204 199.32239913571 200.37664332261022 201.47051093607706 202.600035078659 203.76096998521814 204.94882271815675 206.15888707446982 207.38627958785412 208.62597756855962 209.87285915530038 211.12174534875192 212.36744394978228 213.6047952366925 214.82871908817208 216.03426310098274 217.21665107643258 218.37133107372148 219.4940220693496 220.58075813826713 221.62792900074078 222.63231577173673 223.59112081432386 224.50199073612538
191.9768374226977 191.74905618492656 191.54281274339468 191.36046003955582 191.20442479129963 191.07719119895927 190.98128180593872 190.9192355385694 190.8935830350582 190.9068194678355 190.9613751640586 191.0595844312934 191.20365309441874 191.39562533986026 191.6373505383302 191.93045077143188 192.27628981551845 192.67594433399606 193.13017799444478 193.63941915922146 194.20374269971734 194.82285635973028 195.4960919492927 196.22240149546914 197.00035832096785 197.82816287520652 198.7036530154984 199.62431833666597 200.5873180818045 201.5895021384295 202.6274346329601 203.69741967921397 204.79552890703502 205.91763048642898 207.0594194598935 208.2164492892437 209.38416460150083 210.55793517078163 211.73309119121097 212.90495987434423 214.0689033418194 215.22035768252908 216.35487291027144 217.4681534032738 218.55609824496605 219.6148407317005 220.64078618408567 221.63064710944235 222.5814747260627 223.49068588372506 224.35608450227525
193.26488578926114 193.06413416012103 192.8845009010961 192.72819750037024 192.59749674100695 192.49471639651307 192.4222002895862 192.3822967727067 192.3773347737415 192.4095976418854 192.4812951256546 192.5945339109168 192.75128723795515 192.95336419665 193.2023793621899 193.49972347474628 193.84653588051916 194.24367943505342 194.69171852111307 195.19090075321083 195.74114283202454 196.3420208796346 196.992765438139 197.69226115871976 198.43905105555717 199.23134505915863 200.06703248596102 200.9436979531765 201.858640215136 202.80889338237995 203.79125000686548 204.80228557221702 205.83838401042254 206.89576396695247 207.97050564451374 209.0585781603956 210.15586744260008 211.25820475578837 212.3613959815823 213.46125177371653 214.5536186650388 215.634411122115 216.6996444296591 217.74546815005462 218.76819975461007 219.76435787660526 220.73069450608745 221.6642253466403 222.56225749684467 223.42241361245576 224.24265175374603
194.57719887907606 194.40356672739716 194.25055936857254 194.12024114899285 194.01472572944544 193.93615996005016 193.88670534277804 193.86851717028344 193.88372151215106 193.93439030809762 194.0225149186092 194.14997857251478 194.31852823299843 194.52974647303222 194.78502400264284 195.0855335187265 195.4322055491294 195.82570693368388 196.26642252495265 196.7544406018577 197.28954237372227 197.87119581630583 198.49855393283337 199.17045738084104 199.8854412595952 200.64174572245372 201.4373299724227 202.2698891241842 203.1368733765044 204.0355089368953 204.96282017443536 205.9156525426434 206.8906959055851 207.8845080083272 208.89353794746015 209.91414960820185 210.94264513134578 211.9752885469074 213.00832975443 214.03802903765808 215.06068227168242 216.07264691491258 217.07036878075817 218.05040946217073 219.00947414623644 219.94443941768031 220.85238052217906 221.7305974552691 222.57663917143702 223.3883251791967 224.1637638066414
195.91158122307277 195.76511937884166 195.63872040097402 195.53429673718202 195.45379871403358 195.3991987686507 195.37247350467823 195.37558368711908 195.41045236960392 195.47894143112646 195.5828268835936 195.72377339231758 195.90330852385202 196.12279729411847 196.38341762945967 196.68613736954265 197.0316934303794 197.4205737061133 197.85300221945016 198.32892793462983 198.84801752773785 199.4096522730672 200.01292905894553 200.65666540083427 201.3394081828821 202.05944574040166 202.81482280271922 203.60335775446117 204.4226616471757 205.27015840314377 206.14310569745226 207.03861607842316 207.95367798363225 208.88517642062487 209.8299131986243 210.7846267102937 211.74601136159 212.71073682466326 213.6754673369963 214.63688128511052 215.59169129130328 216.53666496789617 217.4686464190408 218.3845784615533 219.28152541210932 220.1566961586746 221.0074671104318 221.83140451382215 222.62628554278382 223.39011752700748 224.12115467841514
197.26582165044567 197.146547921913 197.04671332445542 196.9680745819536 196.91241543443456 196.88153138892326 196.87721254015048 196.9012245972977 196.95528832742383 197.04105770363407 197.1600971227969 197.31385812939942 197.50365614423197 197.73064774413444 197.99580906738038 198.29991592445032 198.64352617308202 199.02696486822651 199.45031262236262 199.91339751201042 200.4157907467344 200.95680618374385 201.53550363210167 202.1506957541159 202.80095824643286 203.48464287783924 204.19989288168918 204.9446601532001 205.7167236883017 206.51370872142985 207.33310607225457 208.17229129112388 209.0285432933738 209.8990622855836 210.78098690355608 211.6714105933301 212.56739736443825 213.4659971214972 214.36426083020058 215.25925579295898 216.14808129609776 217.02788484537695 217.895879132733 218.7493597799284 219.58572379157522 220.4024885296174 221.197310903534 221.96800636511978 222.712567212866 223.4291796563657 224.11623907123408
198.63769207867824 198.54559617400636 198.47226097325995 198.41928457166196 198.38828180382725 198.38086965913897 198.39865101829815 198.4431968645943 198.51602719245375 198.6185909063146 198.7522450713108 198.9182339395212 199.11766822724564 199.35150515545646 199.6205297831441 199.9253381583735 200.26632278227896 200.64366082624602 201.05730546320822 201.50698057325502 201.9921789663594 202.51216413732317 203.06597543750107 203.65243642259566 204.27016602384668 204.91759209856878 205.5929668511547 206.29438358141113 207.01979421527426 207.76702710305494 208.53380462958006 209.31776026411126 210.11645477926885 210.9273914798112 211.74803039589597 212.57580150328357 213.40811712728373 214.2423837615711 215.07601358219588 215.90643595780676 216.73110924783919 217.54753314180414 218.35326172749689 219.14591738852255 219.9232055283103 220.68293000636683 221.42300906135446 222.14149139332358 222.8365719922825 223.506607239309 224.15012877487874
200.02494572396478 199.95999299853042 199.91307538922013 199.88563035729612 199.879102412597 199.89492932032604 199.9345268831597 199.99927246555947 200.09048748994476 200.20941919726855 200.35722202412106 200.5349390009438 200.74348361721775 200.9836226256375 201.25596026477695 201.56092436585448 201.89875477236313 202.26949444142514 202.67298351431538 203.10885654394204 203.57654295406172 204.07527068485737 204.60407285936944 205.16179719263204 205.74711776748197 206.35854872426017 206.9944593609884 207.6530901192145 208.33256893963969 209.03092750977066 209.74611699006178 210.47602289045585 211.2184788697014 211.9712793382521 212.73219085454622 213.4989624067627 214.2693347611053 215.04104912761403 215.81185544106617 216.57952057486102 217.34183679870432 218.09663075699518 218.8417731863845 219.57518951196562 220.29487136738743 220.99888898139517 221.68540426920518 222.3526843692791 222.99911528174982 223.62321520037986 -9999.0
201.42531501708055 201.38744900543065 201.3668531475504 201.3648031367058 201.38257259864474 201.42142019726367 201.4825755699662 201.56722426918304 201.67649194246027 201.8114280382875 201.97298937523465 202.1620239544695 202.3792554267224 202.62526864081323 202.9004966990303 203.20520992285176 203.5395070897829 203.9033092388805 204.29635626082006 204.71820639163525 205.1682386224261 205.64565792638922 206.14950309613877 206.67865688527925 207.2318580649628 207.80771494415745 208.404719865596 209.02126418013523 209.65565322086744 210.30612084320964 210.97084316498865 211.64795122642846 212.3355423880455 213.03169038825473 213.73445408532177 214.44188500374236 215.1520338874132 215.86295652623832 216.57271916541038 217.2794038251954 217.9811138527176 218.67597999658852 219.36216724227512 220.0378825742933 220.7013837452701 221.35098903727868 221.98508790390787 222.60215228885826 223.20074833486777 -9999.0 -9999.0
202.8365095128999 202.82565324131087 202.83127067366541 202.85447543848298 202.89637053510324 202.95803642584195 203.04051821012837 203.14481206329918 203.2718511713762 203.42249143947583 203.5974972925288 203.7975279195668 204.0231243337987 204.27469762716817 204.552518787723 204.85671041947188 205.187240657068 205.54391950258793 205.92639773116588 206.3341684199528 206.7665710556271 207.22279807514843 207.70190359875903 208.20281402945483 208.7243401248045 209.26519009958608 209.82398329434386 210.39926394709266 210.9895146327024 211.59316898498832 212.20862338669895 212.83424739773574 213.4683927865376 214.1094011276894 214.75561002452787 215.4053581032232 216.0569889995696 216.7088546174517 217.35931797566272 218.0067559755762 218.64956241549825 219.28615154896323 219.91496243561002 220.5344642675633 221.1431627754325 221.73960773095422 222.3224014733584 222.8902082994219 223.44176447849168 -9999.0 -9999.0
204.25621407674123 204.27227018772928 204.30397990726428 204.35229530139532 204.41814977262916 204.50244720635087 204.60605044742505 204.72976929289274 204.87434822776277 205.04045416860214 205.22866451126927 205.4394558019419 205.67319336188496 205.9301221938548 206.21035947992357 206.51388894594191 206.84055731702284 207.19007302267738 207.56200723215272 207.95579721383152 208.3707519219192 208.80605962435084 209.26079730341272 209.7339414902854 210.2243801412103 210.73092512983717 211.25232491974248 211.78727699381173 212.33443965226766 212.89244284626176 213.45989778552837 214.0354051421058 214.61756176242733 215.20496589184705 215.7962210036601 216.38993840410456 216.98473885153626 217.579253478613 218.1721243385158 218.76200490858082 219.3475608768436 219.9274715095849 220.50043185265784 221.06515595877715 221.62038126048944 222.1648741283536 222.69743657057944 223.2169139489054 223.72220351071837 -9999.0 -9999.0
205.68208761782293 205.7249373712449 205.78260465249974 205.8558812250948 205.94553265017186 206.05228853556403 206.1768323574113 206.3197910409727 206.4817245206598 206.66311552837226 206.86435988157953 207.0857575558859 207.32750482886084 207.5896877709409 207.87227733407127 208.17512624914224 208.49796788987027 208.8404171953014 209.20197366839145 209.5820263878516 209.97986088910608 210.39466769262097 210.82555218891764 211.27154553377443 211.73161616820073 212.20468155841976 212.6896197526944 213.18528037437164 213.69049471260416 214.20408463120776 214.72487008840477 215.25167514145326 215.7833323956672 216.3186859423363 216.8565929100331 217.39592382469004 217.935562032233 218.47440248081256 219.01135018596318 219.5453187103607 220.07522898013792 220.60000873266938 221.11859284787863 221.62992475873517 222.13295906965226 222.6266654375018 223.11003369289978 223.5820801034801 224.04185461030107 -9999.0 -9999.0
207.1117626197356 207.18126386578888 207.2647379271674 207.36281823880773 207.4761049557357 207.60515633452155 207.75047992236858 207.91252373915015 208.09166766339132 208.28821525370734 208.50238625051236 208.73431000694058 208.98402009118627 209.25145028365162 209.536432160804 209.83869441372383 210.1578639940974 210.49346911595296 210.8449440707087 211.21163573979044 211.59281161737528 211.98766909010135 212.39534566508468 212.81492979600966 213.2454719323133 213.68599541037003 214.13550681871666 214.59300550105627 215.05749190921154 215.52797458048167 216.003475586382 216.4830343783858 216.96571003676922 217.45058200678324 217.9367494782868 218.42332962732047 218.9094549881632 219.39427026017512 219.87692887389653 220.35658964485432 220.83241383146566 221.30356288609337 221.76919714713353 222.22847566701984 222.68055730876043 223.12460317511085 223.55978036310336 223.98526696598975 224.40025817835493 -9999.0 -9999.0
208.54284569046484 208.63882993744852 208.7479405900392 208.8706553973848 209.00741217765687 209.15860134415593 209.32455846556797 209.50555704277508 209.70180170271524 209.91342202197936 210.14046719738715 210.3829017761609 210.64060264330294 210.91335743768803 211.20086453116036 211.50273465730396 211.8184942200943 212.14759024969393 212.48939690631192 212.84322336692674 213.20832286767967 213.58390262079246 213.96913428252773 214.36316462094416 214.76512602107564 215.1741464716875 215.58935870179226 216.00990817538852 216.43495970714716 216.86370252695508 217.29535369371513 217.7291598347216 218.1643972623868 218.60037059144435 219.03641004375345 219.47186768179557 219.90611285380888 220.3385271618156 220.7684992777563 221.1954199323377 221.6186773863817 222.037653666288 222.45172180505088 222.86024427989705 223.2625727792531 223.6580493679972 224.0460090536568 224.42578369045737 -9999.0 -9999.0 -9999.0
209.97291932074063 210.09518804441063 210.22974148434844 210.37690496905412 210.53695763787067 210.7101261078344 210.89657839158437 211.09641824466215 211.3096801312702 211.53632500173168 211.77623707110186 212.02922177547038 212.2950050597222 212.57323411769914 212.86347966328333 213.1652397601024 213.47794518026998 213.80096620144053 214.13362068965517 214.47518325650816 214.82489522670363 215.18197510953254 215.54562923814802 215.91506222597425 216.28948689144602 216.66813332078763 217.05025677287588 217.43514417858327 217.82211904672192 218.21054465656402 218.59982548931427 218.9894069241866 219.37877329538583 219.7674444711609 220.15497117252613 220.54092929516028 220.92491353190414 221.30653061430152 221.6853924993983 222.06110982267495 222.43328592009658 222.8015116927709 223.16536154791675 223.5243906013843 223.87813327177705 224.22610333650215 224.5677954582681 224.90268812923944 -9999.0 -9999.0 -9999.0
