gridCalculator/src/slope.asc
ncols	218
nrows	236
xllcorner	466515.47101027
yllcorner	2626221.2241437
cellsize	90.0
NODATA_VALUE	-9999
[rows 161 to 183 of 236, columns 52 to 103 of 218]
12.839508628689888 14.71637628615639 18.322903864184855 19.978171644293116 19.077234043314768 16.307165406616672 12.16880716140688 10.907728569976042 14.126612537555316 15.552522432566512 11.121152698499378 9.4945245097052 11.818915892140424 6.6346178381798255 5.865587411505574 7.729388385915635 5.9163324896113725 6.379222177633612 0.11209014228983552 4.501581580714399E-4 3.147599249166913 7.308802909784328 9.076552790105312 7.331331234128633 3.950818960013467 1.0120754432750436 2.473881264540511 8.357484920130581 16.51355209286928 22.524794240154566 22.116656599780438 20.738402086616823 23.233811095330903 28.557378876764506 29.508193449952163 24.88959028118909 14.24415761739711 7.330012706968351 5.502053850855621 6.991382314505643 8.711059857163306 6.670901996915479 1.466791165491174 6.840223374155072 12.395013932770688 10.176527410054078 -9999.0 -9999.0 -9999.0 -9999.0 -9999.0 -9999.0
23.076418797063337 21.829253707465693 18.93063596609913 20.14692793707112 16.249024609310403 11.957762975178854 6.614109464432731 5.69525178876064 10.73372794877431 15.00587811323737 11.190744206177198 9.527250462200769 10.645591894499471 7.066898101768962 5.427628904466467 3.715402594313799 6.264950093692319 7.212229934647745 0.15867707258845612 5.626976975847064E-4 4.501581580714399E-4 5.626976975847064E-4 6.366197723444227E-4 0.674418461440647 2.133056102942346 4.026040744539403 9.528618672697533 16.86824096058863 20.91563666681476 22.02958429904054 19.88442772232568 20.441921357653797 25.064277982168534 29.440015054710805 28.031940636841977 19.063240495237746 7.857815874411431 9.25139558963176 8.144649101873696 7.571802728303665 7.698154204540473 6.301107784927364 1.3117714864224213 7.675802152658299 17.5484006137923 -9999.0 -9999.0 -9999.0 -9999.0 -9999.0 -9999.0 -9999.0
17.958256840098162 7.921202463386917 12.87413872578225 19.63068970732247 18.472202294095133 13.374526463798466 9.632310297711049 8.399993847719427 11.143322874966412 15.04582084624263 14.206880042431672 9.748032163491192 7.886053794582672 6.729688843059036 3.6864758654029113 0.907246942295645 6.341056458462104 6.53182887572519 1.5788072078824549 6.366197723444227E-4 5.626976975847064E-4 4.5015815808423427E-4 5.626976975859857E-4 1.508672098567971 3.6579103918400793 4.228906051830681 9.628244396440241 18.13646544068925 20.096127795553826 19.184452289296836 16.938120117487063 17.549989197881057 21.799742004631362 22.683248151276967 18.26232211286936 7.427382693977691 7.667577242751911 10.211060513926807 10.211060513926807 8.34560287569993 7.296971413230473 6.889695045032244 4.832513779839484 6.83534758782798 12.900007002858263 -9999.0 -9999.0 -9999.0 -9999.0 -9999.0 -9999.0 -9999.0
10.473058148361334 14.559506784736588 13.912866378273275 15.609525869125669 15.683440289791532 10.31978376628094 5.164013498571674 6.813216577901556 10.832289704472938 11.235804145993539 14.922514190806003 10.79376653603442 6.1687960561414865 5.583292912788976 2.5497633096821253 3.379755012311373 5.188410006907163 5.205620325291327 2.226570223431513 1.12435082260022 1.934460854098801 1.6375053066498058 0.44981152334731017 1.9084370717624122 3.7552432846670576 2.476882170491 8.82653853340299 20.738912680236215 21.530843789022438 17.264969294572566 15.15881968205523 15.05003819302194 17.41879866950441 15.903060596953388 13.386839293409425 5.768291703728224 7.506142784255757 11.539038016403994 9.28306569679184 7.958514535385521 9.479082064194268 8.306104412688347 8.672889220433321 7.60773938452664 9.605685024115541 -9999.0 -9999.0 -9999.0 -9999.0 -9999.0 -9999.0 -9999.0
16.569168212773807 19.50591419005407 17.71328086633077 16.444025491729608 14.624713477272469 11.274268770318749 9.94522270221244 13.69010030571428 14.851451894040402 12.713064211177217 14.708500849366764 11.485371105544893 7.296971413230473 9.173709390429659 9.17341596306879 8.151603985028526 7.044430655092055 3.657545420270703 2.8192843323034293 7.564225177577056 6.285086743531522 4.089111491975742 0.6366731485830017 1.508973804080834 3.0860823241732063 4.912480324764808 8.810277576839207 21.33791168358779 26.517589629742968 24.05876071303057 16.83276838605692 12.08881768365196 12.064119041392722 13.668236081721343 14.575442521232604 8.937003261463754 6.87584913505895 14.100152119088389 7.0002556142103955 8.445279494401744 11.768288932020646 9.233530055774892 7.061165336782635 2.5448043798130957 9.039258808790404 -9999.0 -9999.0 -9999.0 -9999.0 -9999.0 -9999.0 -9999.0
12.916798356931679 15.093280743082632 20.7825050255481 20.795736394532423 15.101300742292135 12.55248013987549 13.78438236174404 17.109734569428905 16.33507872863973 13.019349463069723 14.538759602318214 13.264452812033044 11.130891939444691 10.841791337712586 7.484080371502984 3.0356414295339356 3.3815226033106787 10.840611182866022 16.899144383478742 17.816864982234467 16.53839041040986 15.066959400667411 11.695513289300699 8.315025527472736 5.539910240512821 3.652206141094367 4.64152104947723 17.93283759358511 28.776460786334113 34.904467280287626 22.855856110386036 3.440744519814838 7.5267259062021665 14.719918610357034 17.68908134824123 18.190860997538458 15.325334081712933 12.03093379018233 3.4389123953782974 1.7210061534334908 6.229137987750564 12.064119041392722 7.698154204540473 8.863984234572348 -9999.0 -9999.0 -9999.0 -9999.0 -9999.0 -9999.0 -9999.0 -9999.0
16.919509454227438 15.186154592998966 16.58690239754805 16.732327264217563 13.092619700090227 12.103609763909073 19.78410548081532 22.81394173961772 19.679265373194795 14.688395928661551 13.771947568301128 12.19232008095801 6.603726960440397 3.868284769299101 2.888726323242399 5.160679409207183 11.550797606352193 15.278188297084549 17.854424995807353 17.72803148368605 20.629774803413504 22.78142816719991 20.931965981684087 17.14845914678849 13.10791483594178 10.30967060661609 3.176370184635636 9.704757052450123 24.020400405266336 40.64022143815708 30.93460987035785 7.360374961249506 8.797296839500957 14.036243467926479 14.260915812618672 18.663496604558723 18.72855271777666 15.90915867990915 14.82923533830241 13.81663321622662 16.65591158201254 -9999.0 -9999.0 -9999.0 -9999.0 -9999.0 -9999.0 -9999.0 -9999.0 -9999.0 -9999.0 -9999.0
18.53546014125278 18.38352912562788 12.822549366490055 6.410534893549485 9.478438042653694 14.285398583522028 22.589096243833268 19.193516920934954 13.342077903794836 12.588690242520265 9.832148741471409 2.3080336145252383 7.479693369635271 8.492221444438439 6.811748433547214 7.294797461206824 12.80963272733217 12.88699938883207 13.202548211490393 13.125483992747862 13.672097409365 15.573146177561862 14.112976104839673 11.54579184391483 12.314408011515964 12.548677809864436 5.153154280717952 2.134109427436453 13.974420265971863 39.1088872746959 33.909531494422154 7.75733625031793 5.471270433523388 9.827668784243833 5.363853381920777 5.275595734627503 8.204955143083769 13.495768115674109 13.519692644101001 12.454622919065063 13.657503555396227 17.29185946800719 -9999.0 -9999.0 -9999.0 -9999.0 -9999.0 -9999.0 -9999.0 -9999.0 -9999.0 -9999.0
19.393767899599304 18.15316927775788 12.958842095998698 7.0153134365476895 8.626043214194901 13.491412953542321 17.890203908370992 11.547349796894302 4.472281088535885 1.7207415514950903 5.538006018697152 10.280650466457113 8.625960601809306 7.8923144720963005 9.132255809440608 10.820581177705032 15.967485324097762 16.738731980922584 15.694746484746174 12.299900341200699 5.316969156636037 11.875031602346485 12.284404244258747 12.55248013987549 15.846883214750799 12.477782403420958 3.0820903481158792 4.221011775164181 11.060200626402686 33.17012177124554 32.768966218759324 12.102131467787395 9.416391770709883 7.179645410861981 7.410690100739152 9.544527167577256 11.338056244672211 10.849548398995696 7.829470948498246 8.064775656400828 11.704540602425617 15.559523458263373 -9999.0 -9999.0 -9999.0 -9999.0 -9999.0 -9999.0 -9999.0 -9999.0 -9999.0 -9999.0
14.02708598235915 14.513576860926522 8.803571613677475 1.006480703213333 4.000903452752258 10.466117855364173 15.320456396128517 11.218125848095717 8.09574786739543 10.513997502641224 13.919020894288785 9.573050964997975 5.68646622824234 6.671226398049395 9.956834559364065 12.155223164910714 18.078402310333683 18.26232211286936 14.05162903418882 6.8359783623007235 8.453287233471896 16.463645316535214 16.21753011733011 15.099391678457502 14.613093617022027 8.364677766021224 1.0080252791915467 5.01718620578123 10.404171272277159 27.96452000791757 28.680996235258483 15.07493024973661 14.485535674268275 8.710355024840405 11.35235383055351 15.061149923898805 16.392948271244578 14.455420623324965 13.666519531616059 13.986626604090866 13.300374574266828 10.822254674765075 -9999.0 -9999.0 -9999.0 -9999.0 -9999.0 -9999.0 -9999.0 -9999.0 -9999.0 -9999.0
6.864999134333347 8.921900704191192 7.258651783638548 10.896163213861847 11.157896235482465 12.411117254426609 15.789188455800653 11.907197585297657 10.0110330556322 16.07841366382767 15.156158986961124 11.500509303960499 11.57690668935019 11.74945955906057 9.385203546072045 7.866455427278966 15.609892820437462 11.229379228528545 4.1201854944353675 4.924209734484846 9.35390379159242 16.500741241840792 15.940680048465307 13.521430708701432 10.36432340864717 4.10043713919415 6.366197723444227E-4 3.294019357125496 11.08327270783892 25.393853271656067 24.509973460087938 15.909875915266639 15.42063875689952 11.377722693424786 15.619796584209222 17.35966219283133 17.678067726966532 16.424031944119967 14.535964052592577 11.377722693424786 8.18615983912048 6.838704491760589 14.956157640817327 -9999.0 -9999.0 -9999.0 -9999.0 -9999.0 -9999.0 -9999.0 -9999.0 -9999.0
7.957739076982244 11.323738691099809 10.404010432683606 4.124762095270375 3.735685102633891 10.020742973902644 11.156817446975522 9.421579043017086 13.990386294030765 17.393118144442386 15.678331044183233 14.36463063616984 12.238756820682008 10.468431843697564 9.189702288152244 7.26291993645517 12.2766479450163 5.569837415943236 11.39934246402232 11.593463365615401 7.743782347416434 13.606282695192876 14.7792014925604 15.841202380912181 11.37353733871137 2.955007066426264 6.366197723444227E-4 1.269419875484124 11.37986813625309 22.0921290548614 19.508131800015327 15.438499696889187 17.03112492938377 17.212984515327744 17.998931678455094 17.97706809967091 16.705326771659678 14.342335011719522 11.183752740639024 8.456197148586442 8.061716369373958 11.518750163333358 13.449520806247973 5.423029283854784 -9999.0 -9999.0 -9999.0 -9999.0 -9999.0 -9999.0 -9999.0 -9999.0
12.103609763909073 9.216291183382388 9.618373615935862 8.76714224299691 9.865855341245005 6.766548950603829 5.578811444495717 12.392419238848571 14.714407893330247 14.485535674268275 10.780331798835622 10.689728733091542 7.8923144720963005 7.238128106627684 8.640985226206297 7.238128106627684 5.471270433523388 4.874289611720704 8.098347480745392 9.81961247367341 11.481191155656765 14.114216415139452 13.634287999830578 14.82923533830241 11.603877559827255 2.779879963017033 5.626976975757504E-4 2.47753016922703 12.966867687994462 18.177801799217395 14.102635241404268 13.080891829995478 17.990005569830778 18.648509746007168 18.09827688022247 19.433381010679962 18.321099173332023 17.667675511497162 15.724242218320901 13.000731035295965 13.112889633993698 11.391438060524065 6.946839011142335 10.696510735778114 -9999.0 -9999.0 -9999.0 -9999.0 -9999.0 -9999.0 -9999.0 -9999.0
16.710055745527193 12.835468801612324 13.872441502548261 6.969881693248205 3.462653673369376 8.468514717687631 15.189567334270627 16.91651608571675 15.20775319925441 11.85739961456309 6.309655592142021 8.222955995978877 3.598285147318022 3.2153299884742874 4.386220872827734 5.275595734627503 5.92108933047608 9.039258808790404 8.671495535960632 8.22595209694601 11.429324006578677 13.37100612081977 12.516003558532377 11.961258655350548 9.300194123411655 3.088410646498741 4.5015815807783715E-4 3.91974808335928 10.86122163518951 15.092134614899406 13.560902376795648 14.336247338060241 15.865333029345393 16.95405194456963 19.463438067733566 19.211346516583987 15.062298857052163 15.262909704931326 14.373132824662276 9.707321893948901 9.245444516265225 5.334600150917137 12.664475512354905 -9999.0 -9999.0 -9999.0 -9999.0 -9999.0 -9999.0 -9999.0 -9999.0 -9999.0
-9999.0 13.95273639553672 12.776287350784024 11.604214234713618 12.958691565389005 16.652084868197395 19.46482811339192 17.4783229133237 12.858042323670592 4.492353222313803 9.918275645440893 12.00112843533742 7.977101750643221 6.5659608788814605 5.293367703799201 10.340324208491381 12.953823304878773 14.442951532577585 12.278102670858788 7.970136888531038 8.027983173933336 10.155626804959606 11.756961502450963 11.537325798320033 6.938141848134192 2.2842465087858668 5.626976975872652E-4 3.371460866711272 7.733387843946477 14.503864136740319 15.840120863627748 16.796238729882134 16.715731035859253 17.001260249729516 15.382178199672131 8.261815869137564 5.747675703391867 10.211060513926807 12.568548613912665 9.312651718430828 5.645650477811705 8.60893293413573 16.090799604798903 -9999.0 -9999.0 -9999.0 -9999.0 -9999.0 -9999.0 -9999.0 -9999.0 -9999.0
-9999.0 2.844710387869371 14.9808496454557 16.65591158201254 12.115428853793485 15.809440678928482 16.42644654190875 11.614122346568216 11.877548072775069 13.109288706558921 15.42063875689952 14.650463060330116 11.445593246207565 11.06251882912627 9.7698773569139 15.061532913196089 17.653807205632088 14.98855599772945 13.987879964599987 12.411596273245701 13.25578362426327 13.9480441611849 11.758899102764536 7.262864317912657 1.5248512602307314 1.7411432168468457 3.883097476058956 3.8251608055441735 1.8556626124918203 4.5547739085629555 8.160524935820366 9.115483659353544 7.467353804444865 4.370434597590667 1.7173638968199323 1.5095270002735288 4.630019514431121 8.077000600578957 11.678419971377872 8.50839548312883 6.457954637909866 12.663070780190745 14.65600214720012 -9999.0 -9999.0 -9999.0 -9999.0 -9999.0 -9999.0 -9999.0 -9999.0 -9999.0
-9999.0 -9999.0 -9999.0 -9999.0 12.88699938883207 15.01164687750267 7.721403858927273 5.275595734627503 12.97707360998765 17.39054747478766 16.569168212773807 12.80267996307666 7.803393100967752 10.599418974346946 13.440774367983472 18.78399959818761 17.280321897524594 12.180325372345155 10.857559558818762 12.17604815481109 13.030091889242257 9.961698530979415 5.284153874269067 1.800040238703631 1.7082851361058475 5.169464095739737 6.4808379272851235 6.288609447622576 4.621905755292383 1.8558652596848328 2.695222828901934 2.269339382823034 6.367248266661507 3.6243236339621947 2.3161668409819454 5.0012713260224055 7.012658617454982 7.641728745987874 10.983804095307521 11.07177091307479 11.681496360183395 10.25789400416947 12.842844706120655 -9999.0 -9999.0 -9999.0 17.156554452429873 -9999.0 -9999.0 -9999.0 -9999.0 -9999.0
-9999.0 -9999.0 -9999.0 -9999.0 -9999.0 3.2426700833103568 5.9933849352477075 13.16452862738587 15.608057960051633 19.740239284002122 19.108029638838726 15.486008157356357 10.459070640474343 11.95511448751379 13.000691041551741 11.070138810942703 7.187103672312878 5.422881593722949 0.9683235018157101 3.7717128373926982 4.404662663256183 1.4587599184816766 4.5015815806504286E-4 0.15350459595737417 3.307988464905291 6.673015062205065 3.500661565498763 3.3039247552435214 4.843183338924691 3.816528663331101 1.4070586982496078 5.4251396266169305 8.89340735542709 1.912461604488684 7.676336901291357 4.673045989974169 5.173599707735987 11.157896235482465 14.801506890330415 11.844787400501575 6.897495960922658 6.926249082072704 13.902352200390602 14.072804077982955 11.578459994815132 6.61693043666614 9.964160824636599 -9999.0 -9999.0 -9999.0 -9999.0 -9999.0
-9999.0 -9999.0 -9999.0 -9999.0 -9999.0 10.696510735778114 14.462253155010837 17.007354711881806 16.970296539403275 19.93218152428525 18.274398710869704 12.425957157871249 5.724685188611773 2.4148953949101633 2.3187789057886254 8.742714844524963 11.246834834861918 10.530350601241556 7.045914419588268 3.3417516266370644 0.9524947999294152 0.5585162248384405 2.5284426489938627 6.483395827786283 10.033464065021482 8.371841743046696 2.654128422009505 6.55993746956571 5.6785751743935835 1.5950564214611884 4.376205612076452 9.034834016305172 7.248008184072537 5.4149462982081875 8.843046528811524 0.4640022645928219 5.947230419655773 13.1483883017596 16.329868576747902 10.482881655565379 3.777586629162851 10.662553525742954 11.021052010277039 9.936045081156562 8.21920924889906 7.111072682019153 10.252570270643186 -9999.0 -9999.0 -9999.0 -9999.0 -9999.0
-9999.0 -9999.0 -9999.0 -9999.0 13.460007905624344 13.09442292326571 14.839763876478514 9.809066523224796 6.975380793155673 14.872851692217806 14.244975624962564 10.12928537503251 13.19888947394182 13.916499616340309 13.547378090245168 11.788607319998338 10.787051459273941 11.98232899943227 9.92624232989473 2.9925886073678782 1.4627599576146117 4.7536244775510985 8.628308623921118 12.403285959836104 8.846261164245695 2.882727543606601 5.363853381920777 6.864630473266149 4.7981455896215355 3.4169761217441383 8.82687811243075 6.181921691715691 2.4148953949101633 8.820536064048829 7.542177678794664 0.8058942582338482 6.731520039603098 15.061532913196089 17.712652835957105 6.557426069430244 8.803571613677475 8.837651157201584 6.89028820124829 7.275708724820442 6.022467581095175 4.874289611720704 6.533657712466792 6.276980800104996 -9999.0 -9999.0 -9999.0 -9999.0
-9999.0 -9999.0 -9999.0 -9999.0 8.774947886264421 5.816819743504454 8.739203639219467 12.770723120302613 15.345575391348763 19.31141110079355 17.051890079871345 15.674680353972043 18.43494882292201 16.876875187720753 12.424043454607729 10.153833152664369 14.167018430780034 17.373773765275068 10.079657660951836 0.9071155086150665 2.3805422043285596 4.295447494499602 7.764002332501164 7.308850327658019 5.645650477811705 11.41560676736329 8.20114789966405 5.782579579039109 2.9947673594674686 3.925460602080742 8.19830998535326 5.868128565410462 8.424641093114085 7.9596795044946225 4.135185041122369 1.929277652709593 8.653352502883045 17.083143246452856 16.688762339996824 2.8668117574401006 8.713878580903755 6.83234176639437 3.381619493476642 4.7211898101409675 6.310500834478817 6.724916603558797 7.193307551224505 9.806583344569779 9.605685024115541 -9999.0 -9999.0 -9999.0
-9999.0 -9999.0 -9999.0 -9999.0 6.968256741378544 7.397307684937652 7.667577242751911 6.345102719919413 7.330012706968351 15.353064071990945 13.795000832728654 11.91472246035787 12.08881768365196 12.265003153107942 9.784826526852527 10.761829027585748 18.544939633542995 20.420381336800293 11.789832595606615 6.819945941533939 3.3061096479403727 3.036758953077798 9.988687833802452 8.186885430617332 9.588416089309634 7.90104806236126 2.628805765954404 1.0315564096920447 0.6729555841501402 2.3805272276370175 6.302666261286581 7.956656038020287 6.625450197966991 3.4318092879044744 0.22294015713797655 3.8595724851722837 11.032464768127998 16.994131174577053 13.970321022041189 2.9705951106290143 5.884068265260697 8.016449058228073 9.121525428616778 8.292165398108446 3.584252301697434 5.320500137555949 5.118929261883352 8.936176072557824 14.335435419520119 -9999.0 -9999.0 -9999.0
-9999.0 -9999.0 -9999.0 -9999.0 11.840243333447445 8.01633978589738 9.33282940263905 9.424132649529932 8.482338833742084 10.619939993615558 7.692447605657224 4.114102850327552 2.476887273649302 7.233844696725224 3.5186148411545735 6.058618796708479 19.582229783508694 19.19060303504797 9.765992758125705 7.075403687365513 6.946740348851505 2.6337636887970417 7.417710941762817 4.702687575077516 5.569837415943236 3.009584366466128 3.9933553910789055 6.366197723444227E-4 6.366197723444227E-4 0.3348016220216872 1.0621839551515888 1.866056038880427 1.8091306359035515 0.8982171270071324 0.8975420556652549 6.445625989360158 13.34608788882991 15.190325597069325 10.696510735778114 3.981987920418489 3.8469420952310776 6.230138579884794 9.936045081156562 11.885057720807664 5.0716074107775 4.157977273330024 1.563215175872866 9.03103969104313 14.348419660996026 -9999.0 -9999.0 -9999.0
