gridCalculator/src/slope.asc
ncols	218
nrows	236
xllcorner	466515.47101027
yllcorner	2626221.2241437
cellsize	90.0
NODATA_VALUE	-9999
[rows 115 to 137 of 236, columns 104 to 155 of 218]
13.298496984138339 11.043989062584526 15.74568481573318 12.946519289312022 10.136476763991695 1.6100796347704165 11.643618778242036 13.326146722934839 11.803216624153626 8.741091602556557 6.062388579874413 2.385340520251948 4.624060808858458 7.7569841738031675 6.772654642665687 5.056011391481946 5.832835056873026 10.714573114898677 9.864142792919539 12.906263055811545 19.284700132317006 19.571469963194694 6.312617370263757 10.85121699757547 19.29904575198487 16.527811501531776 8.651641327794538 11.68815877887951 13.784807282415134 13.177961632781695 14.350447206010987 20.959660993565038 25.570548064112316 15.896959679954522 -9999.0 -9999.0 -9999.0 -9999.0 -9999.0 -9999.0 -9999.0 -9999.0 -9999.0 -9999.0 -9999.0 -9999.0 -9999.0 -9999.0 -9999.0 -9999.0 -9999.0 -9999.0
8.727855007049575 11.755570064307982 14.021671469937607 7.596272091376114 2.968470223062053 12.795277750245653 16.440580455445442 15.061532913196089 16.404353999024593 16.19543949700889 14.555116098742644 8.158524889163411 1.282795606073532 5.671754402642649 6.8277203920281355 3.9469498026977448 10.276655745705956 11.731106769735849 14.078195707531554 17.452112471775827 13.72431606393397 6.965583268933602 15.521525040261896 16.72423276632705 20.57025024618733 18.44956372595324 12.469880934182607 13.4774655493424 15.234605654957363 19.005123635478537 21.961601260513927 19.476777094700793 11.006278990186313 14.21795233445731 -9999.0 -9999.0 -9999.0 -9999.0 -9999.0 -9999.0 -9999.0 -9999.0 -9999.0 -9999.0 -9999.0 -9999.0 -9999.0 -9999.0 -9999.0 -9999.0 -9999.0 -9999.0
8.45619714858644 10.521363555009014 4.416213394257527 7.618224160671867 13.05694776697101 11.715277320260395 11.795709540896548 10.040132317314058 16.31596488745662 17.32580236706403 18.531310895674505 13.010707033813262 5.259710381739206 5.631959302805203 3.9341937225284545 5.293391364934226 12.53729108587487 11.471257006629077 12.289733506597603 14.218772103667067 20.22029662675828 26.635810421851044 28.11373847716271 19.76967936793191 22.138115687822516 17.892684323425527 17.937257329062327 18.96720849202764 19.481220754681733 18.83081775747233 12.155223164910714 9.86229169652951 18.0958322822349 28.888369805687372 -9999.0 -9999.0 -9999.0 -9999.0 -9999.0 -9999.0 -9999.0 -9999.0 -9999.0 -9999.0 -9999.0 -9999.0 -9999.0 -9999.0 -9999.0 -9999.0 -9999.0 -9999.0
2.708133622485839 2.0681156231439846 9.340743994556131 16.277654840784617 16.42506682503093 12.606736111902832 9.421579043017086 9.651911596193768 9.585981997589196 13.915808695897175 20.204170429780362 16.631608936122287 11.263742830909692 8.198694598987226 9.259984358881443 4.828885683819975 13.92116522273882 15.627494288856875 13.828493153203073 19.14870557168304 25.37541178449444 25.957236936459683 21.50536993534637 20.85944164841721 22.30781092896698 18.85054651314856 19.80014826842025 18.382630628925934 14.581811078563677 11.23366295757577 18.641451710825173 26.44613820986605 28.282978076293233 26.70591461702792 -9999.0 -9999.0 -9999.0 -9999.0 -9999.0 -9999.0 -9999.0 -9999.0 -9999.0 -9999.0 -9999.0 -9999.0 -9999.0 -9999.0 -9999.0 -9999.0 -9999.0 -9999.0
12.061057407847349 11.3294225040589 15.781844338079216 18.321099173332023 17.189527260219016 18.710413385185024 16.57769717649206 12.174331355529885 7.1415376297878925 11.587774971750484 18.124224748039328 15.590430077082104 10.023775235454083 7.857029965620987 12.184466581658336 7.71259367587112 6.419134039511152 14.324469245304172 16.37772549479388 19.08399639485355 17.50640335655515 14.285030079133588 9.590226276859456 17.734303637166057 16.851163594285282 13.0858550858883 13.469176414266366 13.05694776697101 15.606956919207002 21.96749391457518 28.184559603735313 29.939155901858673 27.333681427511962 23.538257873605083 -9999.0 -9999.0 -9999.0 -9999.0 -9999.0 -9999.0 -9999.0 -9999.0 -9999.0 -9999.0 -9999.0 -9999.0 -9999.0 -9999.0 -9999.0 -9999.0 -9999.0 -9999.0
9.22226238652979 12.233402585644374 16.972946885231142 17.75592105800461 16.305875645325504 16.26020470831196 16.966982884163272 12.52975557675893 7.055011025578186 9.370219732939233 15.116562923983263 14.324469245304172 13.503603333484467 14.362200356279251 16.29846179969526 15.509969098538393 4.879389889167341 9.554900082122533 12.774283633168189 6.28566760645617 1.35492161488072 3.7221318667402006 7.165511297308805 12.949715373414158 13.35118433215344 16.451257187939216 24.30456301493664 27.170882540814237 28.9046391503681 30.882968803767227 32.95247025858612 32.41022273542732 28.711756534021383 23.869185367295383 -9999.0 -9999.0 -9999.0 -9999.0 -9999.0 -9999.0 -9999.0 -9999.0 -9999.0 -9999.0 -9999.0 -9999.0 -9999.0 -9999.0 -9999.0 -9999.0 -9999.0 -9999.0
4.027546415802711 7.0153134365476895 12.68131855131391 13.521430708701432 9.00190890930323 1.258028099301234 4.701320811403659 5.816819743504453 8.001814054402857 11.306212231036783 8.935631425418535 6.301750490571145 13.341481375487879 16.073810214464626 16.41298823675604 16.15846108260231 11.228312313374714 2.931550278167533 6.1410730960893885 10.461164053185943 7.479415312200649 3.5486408625627797 3.981924722758267 12.864943585653313 19.90198222818299 26.246849689869403 31.086958732278354 30.29851077289575 30.200502981028496 32.28354880586489 32.59860876827311 30.86158570066599 33.20172391377538 -9999.0 -9999.0 -9999.0 -9999.0 -9999.0 -9999.0 -9999.0 -9999.0 -9999.0 -9999.0 -9999.0 -9999.0 -9999.0 -9999.0 -9999.0 -9999.0 -9999.0 -9999.0 -9999.0
1.2731891361978644 5.019836292150557 11.462190837226316 11.567063708695567 6.814128564633447 13.706365101343447 16.630456656849567 16.99644621649003 18.007544646144957 19.09862676831178 16.500741241840792 11.340705449974546 4.2993988059694415 15.262909704931326 23.982826743667037 20.11943801105024 6.618566048756889 6.117612063686969 9.587124722318435 3.8663314126964234 8.451104101116064 7.75733625031793 5.815745862212939 21.394248939856045 29.155542575974483 30.14010862019141 32.07036346447581 27.926311582459583 25.55042449853767 24.63352575608208 21.719251414701034 24.549661504071 -9999.0 -9999.0 -9999.0 -9999.0 -9999.0 -9999.0 -9999.0 -9999.0 -9999.0 -9999.0 -9999.0 -9999.0 -9999.0 -9999.0 -9999.0 -9999.0 -9999.0 -9999.0 -9999.0 -9999.0
4.335702264004487 4.270009780289226 12.203711840464685 9.782959227923879 5.679867904337983 14.114216415139452 16.881878295100737 18.56447136046103 19.404658187061266 18.44240726888477 15.527065742159097 16.895210940237337 14.713226708444443 23.74862742084036 25.319298089564253 12.34229668573514 6.145452235615156 6.063419458626924 4.971299199513166 12.08437610214201 7.238128106627684 9.338866139038949 20.441921357653793 29.67654129913111 31.71157381031013 28.08103576946608 27.17360911597396 23.085292311003943 21.786634110346085 20.333221978806495 18.77467605427877 -9999.0 -9999.0 -9999.0 -9999.0 -9999.0 -9999.0 -9999.0 -9999.0 -9999.0 -9999.0 -9999.0 -9999.0 -9999.0 -9999.0 -9999.0 -9999.0 -9999.0 -9999.0 -9999.0 -9999.0 -9999.0
10.342144897597578 7.382685282163194 14.896856971775922 6.301750490571145 9.042646094181979 16.264045699815817 16.081245759143787 19.275410188004198 21.972206428556778 20.3832270935641 17.580137956026523 17.257184053359346 13.851755206874056 19.233673610115453 17.89007181464442 4.38192125320485 8.240773343559878 9.679029761913261 12.711665561965784 4.274473694130327 14.710076334813873 23.180461144037892 25.025642869518293 30.420314353832463 30.71882448585627 23.9494010214449 21.35678427889489 20.464555326443662 21.2042711386746 19.238191409736455 17.083143246452856 -9999.0 -9999.0 -9999.0 -9999.0 -9999.0 -9999.0 -9999.0 -9999.0 -9999.0 -9999.0 -9999.0 -9999.0 -9999.0 -9999.0 -9999.0 -9999.0 -9999.0 -9999.0 -9999.0 -9999.0 -9999.0
12.030721473292315 10.626531722302717 16.540266066056205 6.301750490571145 13.600673649299758 18.82501006558429 19.749241065082387 19.326011272436478 18.36914639963589 15.062298857052163 17.10022013771798 17.755607999836727 17.453072262052142 16.90387017090868 16.409518633446616 10.81403284675782 14.920965202252992 14.777489770143662 5.221798338756462 15.401261385521734 22.219252615529197 22.866539802009637 21.899474623145096 29.841308387126787 29.626246011532785 21.404272991396745 18.54079312522761 19.298202280331996 20.250915090455717 20.212632236452095 -9999.0 -9999.0 -9999.0 -9999.0 -9999.0 -9999.0 -9999.0 -9999.0 -9999.0 -9999.0 -9999.0 -9999.0 -9999.0 -9999.0 -9999.0 -9999.0 -9999.0 -9999.0 -9999.0 -9999.0 -9999.0 -9999.0
12.119857681167526 14.545147057908261 12.651357808521597 12.755871704044356 20.69365845090518 23.85100278468068 23.350336670958026 20.65699818602623 15.211917141451488 9.319212729879075 13.760562559291607 17.280526620547295 20.47183260157614 20.343445960581516 18.980719913343968 13.01299536593048 9.494555368856807 5.149435764747119 14.656655597483809 21.874601561570998 23.19201740181271 19.98461506151516 19.052379100277857 29.561355069386376 28.577420240426168 17.556659274711684 15.702035595404423 17.72677671618231 17.03574212804197 13.858513852452038 -9999.0 -9999.0 -9999.0 -9999.0 -9999.0 -9999.0 -9999.0 -9999.0 -9999.0 -9999.0 -9999.0 -9999.0 -9999.0 -9999.0 -9999.0 -9999.0 -9999.0 -9999.0 -9999.0 -9999.0 -9999.0 -9999.0
10.712881182554524 9.812169543023751 4.3357892007765955 19.054666382487632 25.112490835076198 25.23402972505798 21.38617604959454 17.94745216996116 11.887105236355058 8.031824004563024 11.352133701364037 15.51609953547787 16.39873882666521 14.7276013224507 10.03221680418134 2.9506673552226825 9.619016448555234 14.747328933411344 19.47612320840568 22.868542187924064 20.979776741259318 15.254236462235902 13.657503555396227 29.90005744233469 29.8838716382715 14.525974782228417 14.822601718795609 18.08941320658893 16.87120277695484 -9999.0 -9999.0 -9999.0 -9999.0 -9999.0 -9999.0 -9999.0 -9999.0 -9999.0 -9999.0 -9999.0 -9999.0 -9999.0 -9999.0 -9999.0 -9999.0 -9999.0 -9999.0 -9999.0 -9999.0 -9999.0 -9999.0 -9999.0
5.363853381920777 10.06189697686604 17.264969294572566 20.276997054456857 21.101662462087198 21.282072343250128 18.3931095802811 14.564688149304239 9.171443993432675 5.694507801465772 7.756617762612665 6.438285450864446 3.4915850098439583 2.4041454003432157 2.2740087052742646 10.550443738147811 15.613194915179564 16.82975589122548 17.38379719826657 17.47321256017062 15.648365080412718 13.011179259697277 12.858042323670592 32.29267395544543 33.21744312756363 16.026265546351382 17.682474215367282 19.088362175729287 -9999.0 -9999.0 -9999.0 -9999.0 -9999.0 -9999.0 -9999.0 -9999.0 -9999.0 -9999.0 -9999.0 -9999.0 -9999.0 -9999.0 -9999.0 -9999.0 -9999.0 -9999.0 -9999.0 -9999.0 -9999.0 -9999.0 -9999.0 -9999.0
18.418526557528693 19.9472582466312 16.399170782197373 18.078402310333683 19.29904575198487 17.462986214799113 16.82339398738753 16.086739711350347 11.9064799615917 4.392811079802982 1.7786213062967307 4.8901078059339085 6.669671504870453 6.555549041502267 8.88730131342767 15.170627231277242 16.46226942261293 13.120088101830175 8.921900704191192 11.424595871401207 13.75885931842797 13.432896974494904 15.028937390824353 35.10395908289807 36.00981817068775 17.2276250493118 13.418002946690324 -9999.0 -9999.0 -9999.0 -9999.0 -9999.0 -9999.0 -9999.0 -9999.0 -9999.0 -9999.0 -9999.0 -9999.0 -9999.0 -9999.0 -9999.0 -9999.0 -9999.0 -9999.0 -9999.0 -9999.0 -9999.0 -9999.0 -9999.0 -9999.0 -9999.0
20.155422119735228 17.530596088248487 16.879877272638463 22.878327968935427 23.392791715302344 20.204170429780362 20.181306554654938 18.94233075820029 10.054296039452964 0.9067306859977381 6.053608178521579 5.626462122872525 3.016961309815993 5.082074549758685 9.925632685976362 12.68131855131391 10.26498764930121 8.591786506638568 7.050611666212921 10.08059798754232 13.495768115674109 14.222050628593289 16.772727411890486 35.321911872010034 36.8326001382292 17.55157760093208 13.134022306396323 -9999.0 -9999.0 -9999.0 -9999.0 -9999.0 -9999.0 -9999.0 -9999.0 -9999.0 -9999.0 -9999.0 -9999.0 -9999.0 -9999.0 -9999.0 -9999.0 -9999.0 -9999.0 -9999.0 -9999.0 -9999.0 -9999.0 -9999.0 -9999.0 -9999.0
21.18940696003262 20.322728617609766 22.05959968510733 25.872403716706852 23.161162580296956 18.824875880960445 17.092567720561988 12.155080957002774 2.275158735273898 5.369232228926638 5.442500158506183 1.3918452691634986 2.183971520072142 3.7675732513902798 7.116304891325647 7.288474104362876 7.0002556142103955 9.361739247414354 10.850104629797377 14.203597427432591 17.194417483437054 14.581413139632039 12.577989817610446 33.41518249690312 36.97461969040307 18.435545641525042 12.528807709151511 -9999.0 -9999.0 -9999.0 -9999.0 -9999.0 -9999.0 -9999.0 -9999.0 -9999.0 -9999.0 -9999.0 -9999.0 -9999.0 -9999.0 -9999.0 -9999.0 -9999.0 -9999.0 -9999.0 -9999.0 -9999.0 -9999.0 -9999.0 -9999.0 -9999.0
18.56861104463105 15.688912255900581 13.270225541629374 16.245878513584998 13.994862136076222 9.601874928924516 7.500479493054359 4.722622477912374 2.6467857894493054 8.969755055227798 7.454104274608755 6.058618796708479 6.976201355802711 9.338866139038949 8.975323970497604 5.808222980428714 3.9724959407506595 8.56671605482179 13.81663321622662 15.231204948872998 17.457870219177984 14.671814527795497 13.089463376910485 32.00131342590528 36.01976565248891 18.77933857743715 12.528807709151511 -9999.0 -9999.0 -9999.0 -9999.0 -9999.0 -9999.0 -9999.0 -9999.0 -9999.0 -9999.0 -9999.0 -9999.0 -9999.0 -9999.0 -9999.0 -9999.0 -9999.0 -9999.0 -9999.0 -9999.0 -9999.0 -9999.0 -9999.0 -9999.0 -9999.0
20.094262729843823 16.081245759143787 11.485371105544893 14.021671469937603 11.539017229145461 6.18204070252003 4.550796572625627 1.5303392117811871 8.350764009221322 15.926361527387797 14.579776680790173 15.082813512086899 16.36413144863119 16.83276838605692 16.232236828695857 14.043730788347142 9.312651718430828 7.75733625031793 13.600673649299758 14.729359892300357 17.429057586181102 18.99823731853518 17.196373086652326 31.444965085776676 32.94814771651525 22.531014460881487 -9999.0 -9999.0 -9999.0 -9999.0 -9999.0 -9999.0 -9999.0 -9999.0 -9999.0 -9999.0 -9999.0 -9999.0 -9999.0 -9999.0 -9999.0 -9999.0 -9999.0 -9999.0 -9999.0 -9999.0 -9999.0 -9999.0 -9999.0 -9999.0 -9999.0 -9999.0
24.81808037934087 22.730225553436494 19.193516920934954 17.38195865095315 11.856163493678624 6.17184221299902 1.4658940654467065 6.396919649384459 14.69391815837597 19.407170185505713 16.405390401598936 18.120259323195214 17.245497951572535 13.733281372962688 14.621143938770764 15.007032076795882 13.57475110084627 10.264396715656257 15.439986990629265 15.776152576506538 16.228736705934203 21.579007589774694 21.236921640164784 28.773260442528187 43.70578414445351 -9999.0 -9999.0 -9999.0 -9999.0 -9999.0 -9999.0 -9999.0 -9999.0 -9999.0 -9999.0 -9999.0 -9999.0 -9999.0 -9999.0 -9999.0 -9999.0 -9999.0 -9999.0 -9999.0 -9999.0 -9999.0 -9999.0 -9999.0 -9999.0 -9999.0 -9999.0 -9999.0
26.450892847090703 20.937322098757654 11.004087674603886 8.347883562979202 4.468064008644404 3.023054812347219 10.517312048195105 15.38297517411388 18.8922366318682 20.895364208990884 18.608173577867277 18.130932944052347 16.628757954626128 14.157547493524886 13.914127459974637 11.456075946127376 14.656793243901692 16.831764295258505 21.583115118656043 23.589357757377712 26.22862787607817 28.553305000609424 25.52707251321112 24.214668048935152 25.8478467383822 -9999.0 -9999.0 -9999.0 -9999.0 -9999.0 -9999.0 -9999.0 -9999.0 -9999.0 -9999.0 -9999.0 -9999.0 -9999.0 -9999.0 -9999.0 -9999.0 -9999.0 -9999.0 -9999.0 -9999.0 -9999.0 -9999.0 -9999.0 -9999.0 -9999.0 -9999.0 -9999.0
25.56662464911141 15.151092397368043 0.9664926500478376 1.8622185059482812 4.237122261342096 7.72231854041855 13.33513501200786 15.345949929234184 17.416232755050153 17.442831078776365 16.02733185531383 14.276835198197231 18.169899716023245 21.04296846716228 18.34394175548864 15.877561459526884 18.143426129894333 22.313343585695808 27.269771726717416 30.02783016841821 31.074585584273667 28.06554783134707 19.328256164108705 10.981608714809893 -9999.0 -9999.0 -9999.0 -9999.0 -9999.0 -9999.0 -9999.0 -9999.0 -9999.0 -9999.0 -9999.0 -9999.0 -9999.0 -9999.0 -9999.0 -9999.0 -9999.0 -9999.0 -9999.0 -9999.0 -9999.0 -9999.0 -9999.0 -9999.0 -9999.0 -9999.0 -9999.0 -9999.0
18.05981987947549 5.549798945177464 6.389816575818279 11.11961985162806 13.359124434470122 11.10853857289997 9.282038302704793 14.027918768473416 14.529571849712474 13.733281372962688 15.765641980956927 15.897318635935738 10.999158271052183 12.604853380856946 13.84710641949337 16.26648939037411 19.32180117490341 24.006038284760567 28.270070164104855 28.379704437170048 24.234279956182718 14.794467375401616 5.745501178552561 -9999.0 -9999.0 -9999.0 -9999.0 -9999.0 -9999.0 -9999.0 -9999.0 -9999.0 -9999.0 -9999.0 -9999.0 -9999.0 -9999.0 -9999.0 -9999.0 -9999.0 -9999.0 -9999.0 -9999.0 -9999.0 -9999.0 -9999.0 -9999.0 -9999.0 -9999.0 -9999.0 -9999.0 -9999.0
