gridCalculator/src/slope.asc
ncols	218
nrows	236
xllcorner	466515.47101027
yllcorner	2626221.2241437
cellsize	90.0
NODATA_VALUE	-9999
[rows 92 to 114 of 236, columns 52 to 103 of 218]
8.098347480745392 2.4743305429897537 7.069069829391238 4.050907486025257 5.296914779495986 9.87400897785855 12.885622158908827 14.894991254913862 11.243829593370426 4.874289611720704 11.35235383055351 9.901086239087554 7.1415376297878925 10.987096261859973 13.04427781981967 16.769518655919608 16.544286018885536 12.272629956988785 5.632347754953367 6.804128092842583 15.56311388428785 17.917673084119286 16.845146081888327 13.194954320346358 11.10489971343673 8.988286080318487 1.672545288872307 5.879822022691548 4.679912393493258 3.646970455272818 7.187414250982758 4.472342882927257 5.316582994908995 4.404523740956322 2.736123386946286 8.068480347574289 10.024987862075742 8.202702105533293 11.437724234812956 12.221711469190643 7.618224160671867 2.8668117574401006 6.080203283095539 8.758146378016281 6.022467581095175 5.922143577987063 3.462653673369376 2.469122124969567 4.100201680957549 4.787376992029265 9.73239608576657 10.525526347452153
10.814226000487972 6.804089732608741 2.027988081452888 7.154552677451781 7.7310029595335985 11.60431442573642 16.44058045544544 13.35118433215344 7.750163752443512 5.994426102317979 10.25789400416947 9.525328749601767 5.149435764747119 12.591194055024987 12.841360692767342 10.530388530886361 5.006177095668425 5.853992185653601 9.603780179770533 14.659957127482363 14.14641999740839 11.779976777423029 13.37100612081977 10.099862909729099 6.7444527969635235 8.491033793171427 0.8570116790376451 6.317550481225067 5.128711509483252 7.0153134365476895 10.477104338114813 8.103714555301437 3.398442422105861 7.018112299897424 7.673124364562605 13.290965854557289 13.432896974494904 9.501593290114597 6.027645710223356 10.7960038778451 9.812169543023751 10.172351016285402 14.654815407759344 14.093113837391044 8.3985287187281 6.975380793155673 4.180789239024048 1.9678637764222802 4.221198029197471 9.932983836806162 13.22440856665273 13.625247395145811
10.24081075763079 10.715029887064428 6.5002308990717665 4.921662286195205 12.726109866997156 12.115921035364966 10.606264134208075 8.97941942344968 12.533072475578843 16.364218078324573 19.591328129872593 18.16807553427696 9.136946117762886 14.291511613235492 13.836817716767111 2.6252690097646476 13.019042736740497 16.443821571610176 15.120756809375976 12.891130074444156 9.534293181066 8.166564312937464 11.500509303960499 10.454539538813002 6.285909495708061 9.937881338444566 6.833251103731291 2.2496340470700584 3.109633021988153 4.130856233276415 10.889905159703666 8.687441831853025 3.669194526381065 8.492195366661276 8.958922199988555 13.640311227766057 10.880649291285431 7.410690100739152 5.676565790493107 6.271021046389359 4.822542232360713 8.904017043064426 13.455202485321244 12.746579597303784 9.849323502363504 9.94522270221244 6.317550481225067 8.141621432686994 10.728661194715139 15.079902798152448 15.874325631883014 15.067276363582497
4.210260772136935 9.126029809303256 12.726575502846693 11.276401445303803 12.299900341200699 11.233662957575769 10.208088516522075 7.56362785518347 12.864943585653313 18.936113305302456 22.688649827203257 24.691575152551952 15.30693925815288 17.790939462002395 12.133634491566873 7.140658659769999 16.578623438385936 10.561111083596918 6.941473844739958 6.375463553927547 6.770209374309175 6.18293016594826 8.06936229653362 8.872973826151897 6.2261352159783145 9.534293181066 11.54579184391483 5.641219812715514 4.5727130621119665 10.463115782074485 12.087989719094747 4.981911079126235 5.275130503626946 8.338226956123002 8.721625081863468 13.443398986522501 10.37776951408735 0.2516444424466379 2.4666597445069347 2.4972008640482724 3.14993874982153 7.221837054894816 9.707321893948901 6.739842664259009 7.085726953533679 11.500509303960497 11.54163616146147 13.262676008304846 15.00587811323737 15.613194915179564 15.829300774219238 16.748164998044352
5.934306201854431 4.605469367491491 3.418693600708423 12.531177226288307 15.202830422621503 9.976358336638858 7.407346864957699 11.817999831952159 12.30377093525282 7.656979114457216 13.794470134791098 21.29601158827924 15.420266390282379 14.901974601341545 4.857533338413092 15.250840981216303 12.839618340398399 6.636642468683286 8.411705162098828 6.8359783623007235 6.266050115841834 5.042459670765817 5.885129333686067 5.561972962609264 3.267850770524468 7.371307019051221 13.09442292326571 11.367688342258239 10.020742973902644 12.739968233343822 4.713367486785657 4.587316030895382 6.417688445730536 7.318711485174322 8.432158558929423 11.319492607131133 10.024987862075742 2.372666993169759 6.29284499623874 8.3985287187281 10.530700016499571 11.690207903932867 9.610762623540896 6.8359783623007235 4.763641690726177 10.112483901198079 12.121333553755715 14.350447206010987 14.951908829200768 12.942865521223501 13.455202485321244 16.416440373585463
11.788266298496424 12.728373607609623 13.29860327052246 11.93526341184472 10.288594753560313 9.956834559364065 8.73639359532603 8.296773911966861 13.626969948769307 8.305529174432866 5.118929261883352 15.074830014469285 15.845887923940031 10.193809834147942 10.543909030358751 15.04275280214485 7.480537424794853 8.280429976643655 13.191378993531872 8.270011527150624 3.0687937453213516 3.9756624844209836 5.887250880622095 3.598285147318022 2.514844380917382 3.8795275918078715 9.281089704173494 13.279101049108078 13.341481375487879 8.514210486090573 6.63287184513805 7.386305139830071 4.4727360950385044 6.557426069430244 8.690595068450888 10.505956286161105 10.454539538813 3.1818128120974354 9.185706854621046 8.671495535960632 11.259327549542233 11.374555009215392 7.068192006764542 5.182176749489304 4.616440757801218 4.180789239024048 7.090103636971475 13.284866484902189 16.696878064284373 15.664087553104135 8.861908334943429 13.916649225448817
10.500769315512514 7.061165336782635 13.184672265719993 16.30552760427375 14.291511613235492 6.14144269764047 3.720483704560411 6.027645710223356 9.527250462200769 7.757235884167698 3.109547829923919 7.45326207055861 15.984255510241468 16.664385910376424 19.741330699998958 11.371914526441127 6.317550481225067 11.955265361087635 14.741937164918703 8.057125144942088 2.5273710995732226 4.604185041055681 5.44720455414326 2.372666993169759 1.9157650429757067 4.5437841392391 4.089542126835764 9.697901061523577 9.312651718430828 5.404535699771044 11.00792151372129 5.345150187552209 2.890926820060276 8.516340395823791 8.141621432686996 8.917089630363527 9.702298676326855 2.4044081493583755 12.451282415858396 10.706110526783702 7.814467589743963 5.345150187552209 4.228638154665061 6.533657712466792 6.87584913505895 6.104775012939842 10.842871188032065 17.96463388881511 19.273317731319786 15.424641762505042 9.298857453377616 10.264396715656257
7.854671743612618 6.055528829420334 11.241690092588133 14.9808496454557 18.27681280323434 16.528496117666414 9.63927050777151 5.479268333625944 7.829470948498246 8.889544572555653 10.615355056036355 13.369527367219296 11.747919278029002 18.124465093122843 23.81059263950923 11.429324006578677 9.648752995295105 12.026964519293573 11.862944248500256 10.023775235454083 3.6607603512786318 5.438007905136233 5.4149462982081875 1.599072072043381 3.4020607200365536 6.766315630386178 7.627424321978884 4.291444664820528 5.431989289880492 7.579152222258715 8.68847509954356 6.576376741953319 6.280950726696117 5.870256429851247 5.269658122688171 11.350766193598147 14.814011817978677 10.796003877845099 12.320688699540657 11.276934544428043 8.160524935820366 8.646670214736362 14.498763029570306 20.03017645545065 21.364872623117574 22.466555410680765 22.443714783924815 20.502639975749585 12.026468257315548 11.038928854992955 13.064181441847872 4.36899660910444
3.0589188448686557 4.717647463682186 9.586618258936284 12.946519289312022 14.98855599772945 15.128378509366811 10.762390229615717 6.281942803729766 7.226985734331194 11.704540602425617 19.127532413254645 14.560755380267992 4.5034601015789155 19.33416650546427 21.879579366372408 13.274220361615148 11.578459994815132 9.976358336638858 9.97696778882849 11.06251882912627 7.7310029595335985 6.033853425741448 5.006282271664123 2.7932092552004977 8.202598450848678 8.508073194469482 4.6052185420535245 3.236542780923299 9.259556455564498 8.640985226206299 5.221908675853164 4.386220872827734 7.409854439553547 7.86095868417308 13.286196562852949 15.011646877502672 16.88521267956611 13.274220361615148 11.539038016403994 10.854553350655467 9.281089704173494 9.040613885447794 13.599810482314467 17.954553313196634 20.442612326772533 22.780061696033837 20.607571630947547 13.960323550317314 4.472887764653864 12.831703390319392 9.519561110839415 9.009392102751413
2.866635644721884 0.6059172348293794 3.9005604162551033 10.960178420376359 14.277243114666133 13.74991329849613 11.549945866853138 8.406583585732115 10.706110526783702 13.866112763523757 19.01071695740739 13.359758718778192 5.675803916653552 18.122528990399122 18.916212037353237 15.42324502154344 13.299046121818117 10.37776951408735 9.348676243847935 10.680678733651957 8.306415725948339 4.65840382810371 7.0002556142103955 4.763641690726178 11.325185143207639 3.767506411884885 4.4029971953563205 8.031996054633893 9.856413835290489 8.108238405850987 3.6400557040566377 1.9934010324810942 4.100293712915969 5.698542789718484 7.719002127546314 8.032591938680383 13.326911738830466 14.433289359928484 13.72602426392427 14.146007671848908 11.652748258216555 9.478438042653696 10.942560135765385 11.712721952555656 11.432332075085524 7.386415819366668 6.926232945096465 7.682881669458193 9.374782742021159 13.03657849691309 10.361405313239366 14.747435739001638
0.7119750128353244 1.9217101526993694 4.7385486427667365 13.216829050332631 14.8120587460084 13.760562559291607 13.560902376795648 9.694758592450736 7.497067481133633 11.731106769735849 14.440536700589043 10.582520539845598 2.6256827182526434 15.317691875846737 19.413587788738116 17.186918430948502 14.33299934078916 12.949715373414158 10.667654644842985 9.578343316098358 6.661897734419827 5.507735139575987 8.792413167178566 10.166787559401987 10.583788212040682 3.1256607835694554 9.509830929575477 9.577706463587903 7.879004283247265 2.0650566670101114 7.479709919071152 8.9964624172835 6.9262490820727045 1.4670154085463278 6.077124619718829 3.777586629162851 8.186912525300528 13.124135257666488 12.625545951830572 14.203597427432591 13.869488507769642 12.516003558532379 10.475370465433299 7.357007838144761 9.4809043912329 12.841326586271855 8.803542343140931 3.710314447464818 9.361739247414354 15.04275280214485 10.264396715656257 11.576906689350192
1.5668290174389157 1.4623414724115462 7.43071651034355 15.245179839506367 15.940322275462025 13.43639869377419 10.482881655565379 8.096063151328007 8.758146378016281 12.846530853641061 11.338056244672211 6.98328506213109 2.2184262065061127 9.87124140708494 20.255655367660875 20.29804034743402 14.249473685623137 13.713206766559175 13.580372495147046 9.888788322260593 4.162702058623035 6.497357464371492 9.439641845665003 10.012635900347062 3.3982606300282976 10.193526425466898 10.412741405708195 5.610104636738722 2.260842622340416 10.288594753560313 11.55617379360894 9.769877356913899 9.4519925921954 3.89571689053283 6.862283850356859 8.626043214194901 7.939881547461962 9.697901061523577 9.25668199543862 9.937881338444566 10.149048398796133 10.493849004550738 8.096063151328007 1.3549028962979937 8.643117561922194 13.43639869377419 14.765093348189192 13.877502083888247 6.9762707678003295 13.805185668437657 8.27447827325295 12.133624663777145
2.0028428028112057 0.7116903588775617 8.977371945943755 15.007416707896956 14.39456456517115 11.7657463839632 9.340829043269077 7.854671743612618 12.47178670506799 12.800829865552352 7.746973739247727 11.02555181788385 9.27504567350996 2.6822143057135985 18.41315688085527 23.040243254707907 14.462253155010837 12.223173545811557 17.831476655982783 15.055403694252336 6.618810393007095 4.776794639406522 2.811387574589297 7.804089700808893 13.811211844708986 14.056819110221126 7.055011025578186 2.4044081493583755 11.004088539379032 11.500509303960497 5.3216765985636085 7.124145702359584 11.704540602425617 6.104775012939842 8.087681460593833 12.792963561309854 11.265733610114403 7.609288731470621 7.548889730032991 3.7356851026338918 10.160408198552636 7.68851209318519 7.439876455035259 9.542609193561164 4.6906290350148225 5.38830050231484 10.312143124405669 19.643878533933854 9.05347632035694 12.061151396146148 6.101709121929893 14.364813712324258
3.2446140570885507 1.513712377684922 9.042646094181979 10.682942019784555 13.307014555607807 14.882566829789898 12.403929469615708 12.458916366978606 12.606736111902832 8.453287233471896 13.137615488649462 14.927160013146617 15.775573638960926 4.7224869388239386 14.149150901250323 23.72073939398341 15.195253205506097 12.506034536242534 19.326011272436478 18.661440507023002 10.500769315512514 6.174857616589449 11.132021084170143 13.538247098739477 12.651723439310674 6.174857616589448 2.3646648236818906 9.040613885447794 11.967248593817343 4.959733914994935 6.576376741953319 9.694758592450736 9.285699653297875 5.064781962755042 7.566081287971379 12.411596273245701 11.78403908683063 4.910182090761172 8.344127646318656 5.226703690794332 10.724718574249305 11.350505802453759 5.6410004219991965 12.822761737999745 3.381619493476642 9.590434873714988 9.4945245097052 19.231616985204845 11.60583370850773 11.2656279432945 9.090698575785034 11.79941306555219
3.261821445854235 3.267545922555757 5.87670964932426 6.523171239697948 9.707321893948901 14.057030121059627 15.971769104999902 17.605475947467195 13.47964592596879 11.681496360183393 11.00463619703298 12.978895156750543 17.569684040125015 9.030942028514838 10.22443121022278 20.271596802651864 14.334217440746581 10.86733229533368 17.25296521360028 13.402650986732596 7.7310029595335985 10.454539538813 14.794858563459922 10.463224585456254 6.206078433773225 7.942213185164851 9.361739247414354 11.761569174611028 9.918168926195346 3.869680261563022 11.477009517907275 7.6804673061431235 2.414947718788834 6.033696246871631 7.7595901665378 7.275669543419627 11.56871590703244 11.222887012603719 6.265892970087221 12.111392119489473 13.164317157959204 11.394895692837464 6.8764815210168715 13.52082329914466 1.1308615058724993 12.050661140992506 9.012667656061462 15.424641762505042 13.28486648490219 6.905469435932764 6.001767578193902 5.537452697528858
1.3912451470878748 1.311694269205542 3.267900939665384 6.174857616589448 8.645959808106609 11.67739430807021 15.147032375830094 18.910727185466545 13.362200604250484 9.411201431161064 7.378026031139762 15.2742137916377 16.780727845612006 10.253119369255929 7.439387163343314 16.79686292106401 12.646669179823956 13.316746327649271 17.14216531267885 10.41739466606331 7.126757309664424 11.195581630215502 12.664475512354905 9.4945245097052 6.968256741378544 7.480537424794853 5.961015914468944 9.950583090643658 4.670514800412446 8.92792714282858 11.348119585994185 3.924687275136719 3.8024338427997835 3.669352433579614 5.056113025606341 4.340135233035291 6.262227687924114 16.052396564139396 7.010888157115632 7.0505782219044395 8.996183198697127 5.6263154820151975 8.076624986971876 14.038969404603758 1.4232322888739273 16.09100688283475 8.543726239832896 11.062619015474352 12.437571986054985 2.890307686142906 2.1205621504155623 1.5296530186245454
2.027408272255718 4.491793977718771 2.7843179160280913 3.291209394872746 6.804402088768808 8.753239480722053 11.086991111009606 16.82333772181992 7.958616891508009 5.902187652373546 14.18922556009811 14.697861109677177 14.640961735988382 12.075436176460375 4.470438085358806 15.278325328290226 16.686394336481253 16.14797829437143 13.55960322303505 10.962378518439916 10.547351891029447 9.709832452908651 9.544527167577256 7.970136888531038 1.4670154085463278 3.4916499641082286 4.321270375247738 8.789573730911153 0.6562225648820863 10.569613647986019 9.077793916813004 2.5695028228896355 6.795881156399164 8.006592783465894 8.628321866736066 6.721524736419569 4.630122559208442 15.317383251581745 10.091358749054427 1.242855062613003 2.4664241405988956 2.0274331933237826 6.818395003488865 13.415120077267673 5.082074549758685 16.965932288031404 8.90336838742202 8.603317185968503 9.872468211676308 2.9331947062241057 6.769206868275963 12.671199061572379
3.468875993130679 3.9849384216898125 2.3853085189473253 2.2410440662934765 3.973148511635761 8.937003261463754 11.614122346568216 15.289122910978948 5.150652185902698 7.517778671809853 16.90486895908324 16.159947491322896 17.594396235563405 14.111182511365834 0.5629047101551969 14.041939366512436 19.010859745046368 16.47877084624198 11.86949327078284 11.225629485282681 11.666105390614867 9.142972736785135 9.62217668328166 8.742714844524963 4.2774137115339945 9.275818187172973 11.110862182641629 10.052230095483228 5.062306669977521 11.003540851749504 6.827793193846727 4.2301245866227655 11.439298516870144 12.583650695286531 13.308784575741765 11.278533674771449 7.804184683040922 9.555387871663633 10.962236627854313 4.5271689253897405 2.63259044570243 2.9683129311314373 3.827381022785259 12.073991457402723 9.200347707707557 15.252727470986441 11.054348146181917 8.125706656785935 4.026515530618158 11.285096259877829 17.947205245880784 22.260809049005758
3.0264948796018696 2.6469814019107907 3.9001183484598436 1.0129754033799598 1.9354147613545576 9.20898742169279 13.437711568045124 13.123580432444525 12.073853112812207 13.417971386671061 17.32580236706403 18.51143717884998 22.250525063112764 15.500444309586783 0.9069957677026107 12.631559440284054 18.299726321103535 16.78079302308917 11.815975379311265 11.138460416878251 10.993129085436934 9.723001429232351 10.921045627412743 7.050611666212921 6.946839011142335 12.688689695501635 9.042501147455072 4.652900255371278 7.140669081283051 10.314494746710674 5.768291703728224 6.253106609737521 12.026468257315548 8.492545779298174 6.7430647137427595 7.009549509641712 8.525171715295008 2.2411906771057373 8.496715201069865 10.210915503438835 8.8376025725447 8.305674467749258 5.404535699771044 11.207933471461846 12.392419238848571 14.644024331532341 10.814342112417375 0.5626120977885696 11.00846896167206 15.76745475635232 17.957331049439258 19.18870203489408
1.6727722208669469 4.374587688892533 3.3741702840390198 1.5911403030010334 2.0245311032077513 7.050611666212921 12.262090012252504 13.832302773749781 12.086350364187943 12.34240176936645 16.168741484530738 18.163209904511092 22.166992109669284 17.306220089960505 2.8200811404744868 11.995930916539278 18.294001391663738 15.972839832432731 10.896163213861845 11.278533674771449 10.393522721212175 10.44584662148357 10.854553350655468 4.604185041055681 9.470706116356494 11.78847131768489 2.4666597445069347 12.250798125091542 10.81890739683294 6.068906985324923 4.180789239024048 7.399818813997267 11.328375552524353 5.661090228493919 1.317413225933803 7.117625433637329E-4 5.501046592645382 6.33386063235483 3.4480631889111977 9.508656426564368 11.605863657103207 14.835475539309693 9.926245506651705 6.457954637909866 10.983628484814842 11.582050364757672 3.8154016585439408 13.758679616547544 20.50427768831083 18.18721777650937 13.432459185794336 10.224719622276762
3.5274104102837036 2.8380461922097715 2.8822206263020598 3.827374438957029 4.2465085957536095 3.710314447464818 4.386220872827734 8.758146378016281 8.631026934529924 17.63266310603908 20.979776741259318 18.331022151364333 21.04396940346131 17.243400571452437 2.847114539975048 12.300439439349995 16.65116363585386 14.600499809895428 13.337509649216619 14.103462835639398 12.127726674399833 9.527250462200769 6.754583602188046 11.712721952555656 14.231062023113315 6.191001932892352 11.765684339156513 13.559066198010228 4.653010876076016 1.8622048549169343 5.82004016570581 7.33339277230879 8.349742444772765 3.5767501297330235 1.8020634054132167 3.0368085448338995 0.4053545500511932 7.659425507129711 7.75733625031793 3.6122629069156544 8.82653853340299 16.90986180285208 13.805185668437657 5.947387851945457 4.431564727776689 2.427643842059201 6.046932249745435 20.904867473451503 18.83546223503482 7.131977536300605 2.260842622340416 10.983804095307521
7.333286325904012 2.3859440356847834 3.7760096386359034 7.596272091376113 9.38780680921162 7.579152222258715 5.052393118502627 3.3685462522404546 10.253753582058492 23.715550902896492 24.96858948647546 19.04294026435439 20.83840530254723 13.987835695624343 2.140451073974376 11.920129082026794 13.411864585807647 12.553898881647232 14.95770230824207 16.170499583806418 13.328237006367415 6.926249082072704 8.854191138813375 14.299517500856911 9.555306147164396 8.507672828603134 15.099009831219881 6.6141094644327305 3.3214321859461395 6.058618796708479 7.053909697478264 6.2257407539696015 4.828940261707962 2.9689040051428677 2.0742931248459953 2.3715805820956715 1.9646160552057224 6.1738801807603165 10.314183196142785 8.076890663758466 5.123822770112445 16.39640557895585 15.797871822253418 8.582397767572049 3.62419850537343 2.4767801688661972 10.8441513455975 19.480495419818443 11.470733892480121 12.044814706922827 15.50192884139901 12.623666395096102
12.997549240329342 7.517676596248486 4.832936882806923 4.749130593617705 6.250115718469694 8.464920540727464 10.537593930368692 10.583999681039284 10.792088196093832 24.72171011164559 26.793343143559305 16.19579042332684 15.75875113762306 8.496531392218516 2.567132317068422 10.65322632108204 12.867243071163426 13.06960369948932 15.092134614899406 15.933164769879854 14.102635241404268 11.91472246035787 12.70600111458421 6.533657712466792 10.19127667312969 14.87712727846678 7.126757309664424 8.7763464686415 10.489232697520508 6.962908729290242 5.719078439679974 2.3645472614465564 1.1254757166684761 1.9903856884783264 0.8564207571889575 1.7460644888139698 1.462696190666228 2.7075275102619707 7.4866265993207195 10.929129506556372 7.913405829230431 13.415372615826755 16.996776904781505 9.970107909557816 0.8191671143585219 8.391816438481992 15.00575886509759 11.81648152873451 7.609288731470621 15.520047118467968 14.020421621609243 9.13426625666227
