gridCalculator/src/slope.asc
ncols	218
nrows	236
xllcorner	466515.47101027
yllcorner	2626221.2241437
cellsize	90.0
NODATA_VALUE	-9999
[rows 138 to 160 of 236, columns 52 to 103 of 218]
2.3912341090279297 13.085403969626222 14.192101292896325 11.881573187816862 8.305674467749258 8.721405466457437 8.550362669206594 3.5770600486898134 11.95283213303285 12.207567919707348 6.25509971741467 0.907246942295645 3.598285147318022 10.896163213861847 13.395626214314023 11.142335964113805 9.005284819279277 1.8315666426195607 4.51736148554777 6.919228799013166 8.053162877956511 8.780540794818418 7.857815874411431 7.3906069828893255 6.477206499008208 12.265003153107942 14.927160013146617 12.424043454607729 9.39236065800289 15.033928029803818 29.87143249335672 31.30067517280207 12.620376408455764 9.791670003510252 14.047888404129461 15.284378931804032 13.210137107274829 10.854553350655468 9.577706463587903 5.031260613033999 5.123822770112445 14.559506784736588 20.916321997473595 19.53361037793315 17.23770171479713 18.418825312338537 20.80971857959822 23.842636023792362 22.989988541720365 17.569689115810938 14.47991980396072 11.869535675149985
3.5293425312267175 15.592634873783533 14.12909024076297 10.459172541899747 7.680359446824835 8.001524158811982 3.027340982992474 8.653988078301133 10.262336437180716 8.153724997926536 7.196036043967265 4.121711600489334 2.294138440214794 8.922587774877696 11.956763999537145 12.795277750245653 10.375563581654134 2.4705543517254296 1.9154343356496886 3.6877726377040636 7.621439925063154 8.658028307909973 4.758370142652899 8.543726239832896 15.308441867088993 16.915185488835792 17.62982041560578 19.611985381518586 20.586762944785633 20.096127795553826 33.7369433985539 29.496800550043424 2.3859440303888126 7.759725537239219 8.160524935820366 11.039078394178759 13.789480409317324 16.451257187939216 19.868746201333295 19.563463986717068 16.968639812219894 17.485027402967045 18.382630628925934 14.275611367004492 13.220396501236875 17.14151090297239 20.568184890054805 22.916332539799534 19.670919514163884 11.288852736411245 4.934876649249867 1.479187761986185
7.467285825652 15.33433416511632 12.962034719798133 10.19380983414794 6.926114592926541 3.438956385236963 2.916949040027292 8.532053968669523 5.773689254235578 10.948472340827681 13.12537789844345 7.572619707513907 4.050907486025257 6.972710160571506 12.240703162755706 13.365723610116818 9.886990381568252 2.16412188235952 6.366197723444227E-4 1.0527867220396867 5.8402978507492795 9.748032163491192 11.919234838081115 15.81630484821701 18.08941320658893 18.66819515534782 21.647484446149246 24.13762293103606 20.923385591801317 19.460101422831514 29.11060560500449 18.730306928580468 13.22440856665273 17.42745513016094 20.00955705287959 23.575747160556343 25.24899042153223 24.582060908523783 23.498328442366983 20.933722804314836 16.846149185441273 16.275213198125762 16.324308839091035 14.170722439480508 15.05003819302194 17.93262087463793 18.686387594804014 18.490894456907743 11.082302487767867 0.7204437286978594 5.719679401233091 6.743171642716981
9.385203546072047 16.727943344833854 15.825331166041659 10.134679435510549 5.507728326763898 3.624573888468981 5.76723453754384 9.828907584094038 7.224399860963082 7.692531179428987 13.10376899333811 10.606264134208077 8.988286080318485 5.608990105730804 11.278533674771449 12.301351974536892 9.237738952206058 3.363740850161237 6.366197723444227E-4 2.004047788069203 7.7492051658969086 11.424595871401207 11.285460346755748 13.184672265719993 18.186914132619336 21.598327607176536 24.59164822446314 24.21814273867685 16.99776892169375 15.874325631883014 19.403541605578727 7.233844696725224 16.184555998670856 16.444025491729608 18.66995671725687 23.20922712369538 24.568869021127227 22.09703765662765 20.51542269308633 20.638506229262664 18.662909178039648 17.415591202297268 16.699920206507596 15.58491644368336 15.348571388246876 15.825692089271735 16.491133615877786 14.585942525182686 3.3420639082319465 10.353829715430253 14.212420742323806 13.656885079793328
15.789188455800653 19.04294026435439 16.990721396832 10.176986701026857 7.9063605742763166 6.8180623592022345 6.167788208475937 9.35130124068319 8.626115856765008 7.946252987755435 12.119874409344561 13.775880761796024 13.960275815314292 10.7960038778451 11.37191452644113 13.081997750584087 8.330783889103357 2.875848698763013 5.626976975757504E-4 3.6164132194664207 11.084326799724277 14.758817946277372 14.449388769268015 16.013107309905102 20.957396309635797 22.04577166510253 20.255924234791646 17.700400613172842 12.04828213833979 11.876541556036635 5.720433130975309 8.280429976643655 16.630456656849567 15.116181592982773 16.416440373585463 20.573347751352415 20.066258792736026 18.357449771330376 19.643878533933854 21.660230013620925 20.60351521731745 15.932806792273299 15.174392590231534 16.298564875046775 17.178109980997966 17.035742128041974 17.60972022730785 10.005997731522594 8.052341738211803 21.251642054632466 21.32070253485413 18.66995671725687
17.96682739674075 17.979533293086245 11.893524844046441 2.9321098503806287 1.9873561248372078 3.36409965698746 3.312845519619508 5.6671831134674004 7.061003841639629 7.647473923090922 9.686784700081429 10.354383467316916 10.697640612214322 8.40072631085801 7.510264129995058 10.941578666740652 6.182504669000439 1.0101628670488416 1.7971170931362888 8.585151473805254 17.443811800526763 19.724677871676224 18.76184635929676 20.667005241875405 21.466471431056064 18.47845138976497 16.12471306889004 16.249024609310403 12.913135013790924 3.155939857609737 10.84120118047627 17.903840791830657 19.30270023544207 18.872854054252063 18.903795988131897 19.052379100277854 15.874325631883014 12.702336772017677 13.774179712888714 16.104940777644128 17.841437142412016 15.451879161714984 17.196373086652326 20.63208012424703 23.027033828172428 21.647019798012025 17.464400714218446 5.317930616691209 18.479018273581477 26.05513738360708 19.764504326438843 21.359971104778165
4.605657481540204 5.149435764747119 4.5201275596921 8.300327927700828 8.578799019628287 6.606003830777513 1.710127298555886 0.8754357895186229 1.4030652460288981 1.25023144116556 2.883587751098467 4.69944150065784 7.497892983478755 2.8821812090202448 5.952633213559396 8.486166220224801 5.565619797129351 4.501581580714399E-4 4.013718958122888 11.416057859318178 17.282072539739588 16.734350133355754 15.182740937062894 17.491409627891514 17.256859573003382 14.50837402659199 11.652748258216555 14.238430026638403 13.487927658460874 7.9886956584524516 18.662909178039644 19.14444418002251 15.348571388246876 16.42196194243859 15.906289346630492 13.842032950913454 11.424595871401207 8.451104101116064 7.68851209318519 8.686354581236653 14.228605031275498 15.969270402239996 18.95685081991284 21.65863200186829 19.79800415461573 10.799432250199262 0.31814750122526136 12.6831617035083 25.51098697264824 27.161335962032414 17.168316199127965 21.787349372619325
15.65709815490073 15.750041710508432 14.78350914108816 9.870926939134982 7.8495995378369265 6.904128315669034 3.631854166519495 3.8866677931910987 3.9252752178918127 1.9122368289639542 3.052098550236074 7.010890222628522 6.725068214101029 2.5963983197182805 8.404168337441337 7.281979655580468 3.67555518276743 0.5602041564977382 6.458261069926802 12.602171410618606 14.860794474616226 15.683440289791532 16.555852235764046 18.331022151364333 16.874539775268598 12.846991537560797 9.916435463499214 9.870926939134982 7.797849664425502 13.652778157026871 16.044381090576074 16.675225304230818 11.686109254017941 13.295059851281694 13.72431606393397 12.00112843533742 10.706110526783702 7.68851209318519 7.951532546189658 6.944156966499194 10.500769315512516 14.091457175870561 16.67833749335293 17.03222733136522 7.176003669671911 8.384147740960808 17.399259023706893 24.130504771648578 29.873168749714885 28.01057740512728 19.899822790396215 21.33740395022253
13.786081953453003 9.040613885447794 5.471270433523388 7.63444233229053 7.203786462168237 4.380487094158032 6.183184808113844 7.434520613443013 5.952786559366656 3.5490142104043527 3.02220186357339 6.544099913621141 8.1246772805048 8.199027713860353 7.462977562317201 3.1900605898777097 0.22485329622805625 3.1400817648317325 9.383397292118172 13.29568030466495 12.817469825983734 14.493553946086456 18.59903071844839 20.633108484400182 17.00735471188181 7.692531179428987 6.239136459390014 11.862944248500256 15.735876477883577 17.969669937439306 15.940322275462025 13.889722993688142 12.013060509108213 11.957762975178854 10.7960038778451 8.21920924889906 7.464798412301251 5.159158929886789 7.324093674226558 8.735690934280582 7.289324300368741 10.940329468329027 13.554661068160334 7.276498277089044 8.821389886739727 19.683584734933277 24.49119792672551 27.643761958468684 27.086476022121023 23.11642191920837 18.775258951876264 19.00254164846292
8.29751601017841 8.485238201927281 9.203671701114665 6.389126047175482 4.689290818129496 6.02557500836668 9.689099381495947 8.111539417989944 9.766767228925922 3.053737791585911 1.573244939097589 4.334034661697389 6.7153976442390695 6.85058016548571 4.4701714520816065 1.3474126152838235 2.641676109750661 8.500547865182591 11.986601412159521 10.561111083596918 10.31037902490839 14.631056790588685 19.47122063449069 19.37783680169425 13.492284115412625 11.74945955906057 16.81300764331472 18.6508616564494 19.16602243905425 17.973061242734733 14.039571739570714 9.96965170258583 9.28306569679184 8.73709619632813 9.340829043269077 10.054647759556305 10.384774151355828 8.220708163985217 10.012854441665619 11.81648152873451 11.115088219157752 10.644779784630412 5.364817162666001 8.271661888973574 20.077618350378152 24.218347108748215 27.06127511018366 25.01241973832137 20.17557651869588 20.236141563822297 21.762534306404973 21.668400881177202
8.889544572555653 10.7960038778451 10.14306401361159 10.071553808788389 11.481191155656765 11.361874498759423 9.13225580944061 12.04802990652849 13.359996813946942 1.0037647508788496 6.366197723444227E-4 5.626976975770298E-4 4.5015815807783715E-4 5.626976975847064E-4 6.366197723444227E-4 6.366197723444227E-4 5.171843641015426 12.178172558401245 11.070138810942703 7.725405004429305 10.179509410151503 16.82473358296263 16.850495113189584 13.161392003186132 18.758345374947982 21.969379091758015 21.135527342306382 19.716481089579776 17.42489081570504 11.85689541343614 8.795204190171424 12.395297925884663 15.47414744511181 13.678530157639367 12.12920147329501 13.78438236174404 16.419546536130245 15.836875775683817 16.122596020924263 15.418553513998159 11.370199793779406 4.168011446411457 8.047862708833076 19.097897789948032 23.781781765132642 25.816033842711853 27.170882540814237 20.8262264068675 17.469698102443115 23.10700181598562 26.063162918265547 22.457423157990576
19.49593081563573 18.54079312522761 13.692241686120408 7.210668433030249 6.89028820124829 6.840521284784603 3.777586629162851 13.539367433883724 14.550575155852798 1.9600204765937705 0.5603166852406029 2.9724167326472486 5.7266593971771735 7.364239460879233 7.363876364216697 6.961356908712876 9.699998671280062 13.376143108591595 9.139625139319914 6.725068214101029 10.973371737623552 14.54315133242233 9.707949599266234 15.845167180271268 22.098206143203814 22.636129876883253 19.094350732374316 14.114216415139452 7.941436052585491 5.483833197156382 6.614109464432731 17.600412027359116 19.868475685293085 21.2554421117099 22.196976222771326 21.44990975457055 19.880373740602344 16.48014504956956 14.257279344851234 10.139408975797483 0.3559479327033236 9.872213021478668 17.385661995968185 21.240956684253057 22.648091914624082 24.26609825444061 24.79226696065078 17.862579793611964 17.479919513585674 24.4816509638998 25.125825649186165 19.011146491196744
10.788730657847822 13.655785447175505 13.433772502692543 7.296971413230473 6.897495960922658 6.381322609062509 7.249252620737 9.542609193561164 13.41739693329858 5.248057639662098 1.5264622163611885 6.328661871565116 8.884012837013248 10.879637385103516 12.374517780947752 13.600980867119699 14.964002032867498 11.461474857843841 5.502053850855621 4.7213014607488715 9.348676243847935 12.287311436907983 12.392419238848571 17.13070864264988 15.4663579207608 11.768288932020646 8.864676086132915 10.410413925988193 9.470706116356494 1.7573725035758407 13.870754166237253 17.35805169653535 14.057030121059627 16.253917058152773 17.8802778791104 17.60326070840787 16.174099545748707 13.280741170243159 9.539434286750417 2.146733651085803 11.185780678539697 19.0088524785334 20.064389997069007 19.87145109123251 20.960415813424294 23.916738309634283 23.743365050261534 18.163209904511092 20.138960262362065 24.611404055746004 23.32225830366902 18.329819733358647
13.02615350232361 16.448158367124172 16.19349375792057 10.025269176641068 8.429635413741662 8.186843281973546 9.391059799976667 6.12415559711596 7.78753919019426 9.480482453106202 2.207832599875459 7.965201931048931 8.099108773027721 7.054131382118999 8.032591938680383 7.913405829230431 4.340135233035291 1.6913487961324822 4.924209734484846 8.55738433799457 12.21537353205648 12.967961502998826 10.454539538813002 9.045354948003013 3.720483704560411 12.237296835830056 15.81630484821701 9.711714913265252 5.269658122688171 13.990386294030765 18.677587666736933 15.628960000830086 11.285460346755746 13.29816040231758 12.114204334773813 11.418099704578626 9.586002819960566 4.896986214381526 0.11208946434680754 6.610006835573706 17.628086660689153 20.90723541548242 20.087866452477293 22.108017969042937 24.805671445838954 26.697847712112182 21.679208623920182 16.686394336481253 18.050837579089706 19.47622154296677 19.767228257433615 17.291859468007186
11.85739961456309 15.761290292647045 15.334996928913188 8.056889395391014 2.468943081732772 3.9199220977164297 8.171844906855892 6.280950726696117 2.9514156544795354 9.212981223329615 1.4089884338930898 7.877894664774874 9.815331173178656 6.926249082072704 1.4670154085463278 4.959733914994935 8.988286080318487 10.706674927065688 10.15742011368184 9.077793916813004 10.759583898850556 11.688136236793511 9.411046972822177 3.2735260988180555 13.946869128819971 16.371492998198725 7.5464304468209855 9.28306569679184 18.69811248922795 18.472202294095137 16.74951203628766 15.45930619817962 10.28092890665595 11.404082194871124 11.225066485001365 4.869104299774347 1.6202329179890642 5.159116550808426 8.747119360940166 11.856202465913348 20.86701125011876 23.30538739099751 23.18111549715384 24.00417431565518 24.78911134530599 21.85491172445446 13.211475806283694 13.929250103731857 17.93200256558677 16.51411185414642 17.21916797080216 17.78031810501278
10.466117855364173 12.993457056033838 13.627800138484623 7.377735577010325 5.793891100130298 5.719318806077346 7.731802320387956 2.318098238621412 5.313279328602322 7.714253882803725 3.488740833396767 6.965162489314518 11.273643238867978 8.24390457040563 12.278102670858788 13.15601294356275 11.082543758787304 9.7321582115913 9.082952456986055 6.190881087635975 7.549709304790647 5.001429251460503 4.670514800412446 11.899037630514863 12.58223574589037 7.418206625114529 11.955265361087635 16.952725002004268 15.812331294548938 11.804327262401463 12.103609763909073 14.970052840400422 12.530019149652292 12.018340640103222 9.521864740667164 0.8176554665171814 8.312341957604735 14.688800870971857 12.71710452978181 11.81648152873451 21.746526576638164 24.62675296670526 23.43062529508595 19.797973990584552 16.298564875046775 11.17406428346697 7.316476144404909 15.527065742159097 20.605060645913966 -9999.0 -9999.0 -9999.0
7.362899248354066 10.466117855364173 13.900877797418307 13.300085873749893 11.276279896938046 9.150332844893908 7.6530487205434135 7.784859671089477 5.653968402919808 3.9210635281418282 1.5739196389801897 4.616972474936395 9.367351288415982 11.395909016684675 11.51383173120187 8.255824720201693 6.55735964441079 3.372309117122796 4.770072839170381 9.01877617960673 9.067670044365748 9.056864694405176 12.338429082887618 9.807094935475334 4.210759447109684 12.086350364187943 14.45381241779684 13.038843542051076 11.329574183724189 8.643117561922194 9.439710414747797 13.076970305025865 8.698486026851699 7.9563025644970615 2.9171358405530206 7.3907669104086775 16.30841471872554 16.832479301188755 13.056495510426709 15.128378509366811 21.526964777996195 22.218093171903703 20.683668991150782 14.650463060330116 8.071654587187593 6.8767524992719355 7.4581610694530935 10.678414922779545 -9999.0 -9999.0 -9999.0 -9999.0
9.707321893948901 12.283919636915396 13.400895190232433 11.788607319998338 9.590434873714988 10.873993030351267 9.150332844893907 9.411950358296929 5.444000322639004 1.1708713778491235 1.7528954440580586 1.814955672669217 2.7356254706489356 3.0677782503044524 2.120312393542092 2.215002142416418 2.3713470678023416 4.425532981427783 10.55520849792452 7.659399623799869 4.000903452752258 9.92318099419189 10.112483901198079 4.05246003891512 10.712881182554524 11.666105390614867 11.32904382173426 11.645034469535778 12.194383223416786 11.136839077500778 11.296673789341362 11.00521954323797 4.524469525568638 5.469582958664284 13.445383618770942 19.875378216391532 20.749700116086018 15.703128610102725 14.599307753565265 19.78056829771728 19.939991016869012 15.81919394750014 18.004776764339766 13.53836337242736 6.63289247430463 6.576376741953319 8.668662175662686 4.959733914994935 -9999.0 -9999.0 -9999.0 -9999.0
5.832903583368335 6.412477489586202 7.9771017506432225 10.466117855364173 12.249457401372288 11.195581630215502 8.692008076032712 8.610806327507829 5.76343447477219 9.55006163837175 12.919443274443108 13.284498183274728 10.580337224576526 7.203668577130357 2.5259066236376575 1.7552277136974075 0.681429722202002 7.201712321644589 10.530700016499571 3.016961309815993 8.096063151328007 14.338682770699918 13.961113236643119 9.13426625666227 12.31150801626952 11.323738691099809 12.289733506597603 13.156486438034694 12.744437794701074 10.361055914550793 7.273316878563796 1.3162806211687197 8.563790447652371 18.241387127320362 24.39583296733106 25.936014527391695 23.501535039791424 20.923637802436193 20.43358766375643 20.063856012527697 13.351281321293335 6.840626645226303 14.583323926117414 13.589015559070633 6.497357464371492 2.8668117574401006 8.456197148586442 16.34861561729025 -9999.0 -9999.0 -9999.0 -9999.0
6.239136459390014 5.020036055346784 9.39236065800289 14.068240050317662 13.385081114123697 10.881203778000152 10.962378518439916 14.794808592213885 13.87723582920974 15.48256680358771 13.049709515891205 11.653262308925731 10.035288783859773 10.217002168148108 4.763350177838433 4.501581580714399E-4 2.181100837185749 7.367644690935485 7.4573309673218064 8.079199070180238 7.863679391794262 13.040318327139582 11.186980169815051 8.82653853340299 13.581683219160197 12.914915692798816 11.809592031329364 9.77392645285515 7.047640240938971 3.718710104117288 4.219952935313131 11.992324305464146 16.885300253845326 21.709706225902504 24.848373228974314 24.152610158001092 24.095872268055693 24.423039983333993 22.703270049114504 17.538229385288663 10.682905812466958 5.658921118768502 11.665955475205763 13.156461294578703 6.770209374309175 3.669352433579614 7.607662926981949 14.335435419520119 -9999.0 -9999.0 -9999.0 -9999.0
6.395945985779183 8.314564958241622 12.301351974536892 17.79811994601171 18.674359680851357 13.648910516902102 11.784546765767583 14.96233517538109 14.479117301341587 8.093778142607261 1.5911402711945872 3.7238672163946718 9.723001429232351 11.70157369997584 4.082154019398975 0.898892148801875 1.910001720897985 5.080372953248616 8.442491201158674 8.86217167071306 3.7342221521644263 12.621955858997811 5.851077009070334 8.795204190171425 12.595114718877372 9.367156281997499 5.0799340166806815 2.7755713232401305 1.0117379299871025 0.249631439321421 9.431483956454807 14.255049017991022 11.812937974870497 17.562691357484656 20.80997268205903 17.282146168021736 15.74132646516994 13.857246897514527 11.246503337377982 8.596791294711547 8.281801205173608 5.541697540188128 8.305529174432866 9.719240826417748 6.054498479394494 5.0112881045129205 9.575158598077028 8.841814560191672 -9999.0 -9999.0 -9999.0 -9999.0
9.719240826417748 11.348119585994185 10.291541503588624 13.333978086216412 17.091355942450807 11.220806354854346 7.7574923755646035 8.168933482481412 8.162790254432128 6.190991861540197 5.3216765985636085 4.492353222313803 10.176527410054078 9.729416407965626 2.412064909162719 2.0097770348703756 0.9059632612284151 1.7775547188525729 3.841693136970959 3.367139064832519 7.719833376989802 10.958049580264015 3.353542422716398 7.0002556142103955 9.425389990690418 5.540720612199353 5.626976975847064E-4 4.5015815806504286E-4 0.5620046158660493 4.167522037331462 12.976772300350804 14.019588317380114 10.849548398995696 18.796227638002076 21.618587621587913 17.544905091294464 14.688395928661553 10.14426119696945 7.946097649177653 9.153676258022431 9.737283704467389 5.479268333625944 5.042320463199586 6.587720057415371 6.218120511097264 9.769877356913899 15.524110996754258 -9999.0 -9999.0 -9999.0 -9999.0 -9999.0
8.380924570902986 8.31530537912734 10.966777259460883 14.066579976357863 17.51181309647743 13.27013408939347 8.998505263755032 8.235003812350504 10.606264134208075 10.93594523867187 7.1865514787415155 5.353341063346965 10.291786703161396 7.340229492640684 1.2562174462055065 4.490505706793033 3.1231292976561833 3.8187533457520786 4.501581580714399E-4 5.626976975847064E-4 7.009499951204023 10.028686765575568 9.100495171856089 9.073732452844512 7.846593335207262 3.411755077475756 4.501581580714399E-4 1.2371800039019978 6.420684550201716 14.899360423134723 19.34587059605404 16.74951203628766 16.140580152661165 23.225548177104333 25.872403716706852 24.22549842105252 20.24010018478859 14.468278713984299 11.006278990186313 10.880649291285431 11.981104446777685 8.406473802273897 2.8669614640605703 5.802780929592302 10.255470303748394 13.695238968698312 14.231062023113315 -9999.0 -9999.0 -9999.0 -9999.0 -9999.0
