gridCalculator/result/Kriging.asc
ncols	218
nrows	236
xllcorner	466515.47101027
yllcorner	2626221.2241437
cellsize	90.0
NODATA_VALUE	-9999
[rows 150 to 174 of 236, columns 56 to 111 of 218]
223.50462869469578 223.87047055152374 224.24039480793078 224.61436430168408 224.9923325130947 225.37424294188574 225.7600285164512 226.14961104541476 226.54290072080215 226.9397956812859 227.34018164259595 227.7439316007671 228.1509056120451 228.5609506514243 228.97390054988023 229.38957600843855 229.80778468559603 230.22832135310614 230.65096811401315 231.07549467608692 231.50165867330236 231.92920602814513 232.35787134782373 232.78737834807902 233.21744029939407 233.64776049143813 234.07803271299576 234.50794174595399 234.93716387334288 235.36536740284294 235.79221320831638 236.2173552931993 236.64044138040202 237.0611135341964 237.47900882008105 237.89376000889695 238.30499633145948 238.71234428980267 239.11542853057838 239.51387278539846 239.90730088188144 240.29533782780476 240.67761096930212 241.05375122209693 241.4233943729933 241.7861824464199 242.14176512870836 242.48980124036518 242.82996024417892 243.16192377480684 243.4853871732172 243.80006100759675 0.0 0.0 0.0 0.0
223.69779075648987 224.0610273844403 224.42818529518695 224.79922269823635 225.17408880193503 225.55272325271284 225.93505560456734 226.32100482726034 226.7104788610342 227.1033742251026 227.49957568593584 227.89895599016268 228.30137566547884 228.70668289133363 229.1147134396721 229.5252906845011 229.93822567746432 230.35331728575693 230.77035238742238 231.1891061185715 231.609342166795 232.030813104696 232.4532607581307 232.8764166039037 233.3000021926025 233.7237295931913 234.14730185688973 234.570413499174 234.99275099975625 235.41399332153168 235.83381245059797 236.2518739602334 236.66783760269612 237.08135793311874 237.49208497034647 237.89966489970385 238.3037408226234 238.70395355797643 239.09994249924262 239.49134653122587 239.87780500874032 240.2589587988732 240.63445138678753 241.00393004351392 241.3670470525721 241.72346099017238 242.0728380519471 242.414853417043 242.74919263850944 0.0 0.0 0.0 0.0 0.0 0.0 0.0
223.88528295406167 224.2458702517841 224.61022269211358 224.97829433178183 225.3500305700663 225.72536764330727 226.10423214766323 226.4865405973056 226.8721990248245 227.26110262992842 227.65313548167714 228.04817027837973 228.44606816816653 228.84667863182764 229.2498394284575 229.65537660295348 230.06310455342845 230.4728261555132 230.88433293982843 231.29740531819976 231.71181285403452 232.12731457205115 232.54365930283325 232.96058605803688 233.37782443263563 233.79509503138883 234.212109917435 234.62857308197806 235.0441809348431 235.45862281657855 235.8715815337421 236.28273391966493 236.691751423595 237.09830073179046 237.50204442419457 237.90264167071805 238.2997489709439 238.69302094090955 239.08211115009956 239.4666730112299 239.8463607244392 240.22083027655194 240.58974049477945 240.95275415292755 241.30953912655121 241.65976959203527 242.00312726269374 242.33930265347848 0.0 0.0 0.0 0.0 0.0 0.0 0.0 0.0
224.0672121680572 224.42511125835145 224.7866242340758 225.15170143251876 225.52028486486873 225.892307759891 226.26769413399415 226.64635839381725 227.02820497726745 227.41312803817485 227.8010111790697 228.19172723574235 228.58513811618172 228.9810946955114 229.37943676738954 229.77999305143777 230.1825812551677 230.5870081881908 230.99306992569726 231.40055201782394 231.809229741133 232.2188683884495 232.62922359330324 233.04004168559953 233.45106007557547 233.8620076636057 234.27260527416175 234.6825661129701 235.09159624703977 235.49939510810395 235.90565602060946 236.31006675606145 236.7123101159467 237.11206454600534 237.50900478465502 237.9028025486647 238.29312725899288 238.67964680942367 239.06202838034778 239.43993929929127 239.81304794912847 240.18102472398215 240.5435430316192 240.90028034015444 241.25091926532286 0.0 0.0 0.0 0.0 0.0 0.0 0.0 0.0 0.0 0.0 0.0
224.24368458755856 224.59886146571097 224.95750575634963 225.31956447289866 225.68497662200377 226.05367279110624 226.4255747606352 226.80059514626177 227.1786370761925 227.55959390807274 227.94334898941142 228.32977546468837 228.71873613151328 229.11008334732705 229.50365898725008 229.89929445282064 230.296810730607 230.69601849897796 231.09671828069827 231.49870063871037 231.9017464120839 232.30562698911308 232.7101046145201 233.11493272807712 233.51985633206831 233.92461238574586 234.32893022519968 234.73253200781375 235.1351331809821 235.53644297537525 235.93616492359416 236.33399740554614 236.7296342222428 237.12276520004946 237.5130768276009 237.9002529276032 238.28397536569577 238.66392479823875 239.0397814606174 239.41122599693097 239.77794033142823 240.13960858113518 240.49591800815216 240.84656000915368 0.0 0.0 0.0 0.0 0.0 0.0 0.0 0.0 0.0 0.0 0.0 0.0
224.41480550824508 224.76723071303255 225.1229815388345 225.48200203686042 225.84422855921147 226.2095893857272 226.57800437394604 226.94938463678778 227.32363225242267 227.7006400102149 228.08029119620562 228.4624594208907 228.847008491497 229.23379233009672 229.62265493823315 230.01343040803766 230.4059429791478 230.80000714011933 231.19542777257618 231.59200033603094 231.9895110909429 232.38773735767188 232.7864478087671 233.1854027925011 233.58435468543325 233.98304827254003 234.3812211534648 234.77860417423096 235.1749218839746 235.56989301690686 235.96323099998642 236.35464448733603 236.74383792255293 237.13051213048203 237.51436494000066 237.89509183943017 238.27238666608233 238.64594233118714 239.01545158111088 239.3806077952367 239.7411058203328 240.09664284043686 240.4469192805222 240.79163974121667 0.0 0.0 0.0 0.0 0.0 0.0 0.0 0.0 0.0 0.0 0.0 0.0
224.58067915797704 224.93032746360478 225.2831641745065 225.63913071072497 225.99816108959743 226.36018158789085 226.725110425632 227.09285747566523 227.46332400283634 227.83640243614389 228.21197617702933 228.58991944615428 228.97009717070281 229.352364913462 229.73656884442522 230.12254575501635 230.51012311449193 230.8991191676335 231.28934307236636 231.68059507565505 232.0726667258384 232.46534111944982 232.85839318053968 233.25158997068536 233.6446910279994 234.03744873373847 234.4296087054131 234.82091021571063 235.21108663681662 235.5998659101116 235.98697104167277 236.3721206240879 236.7550293855371 237.13540876709547 237.51296752942307 237.88741238988553 238.25844869103577 238.6257811012464 238.98911434783895 239.3481539826568 239.70260717947139 240.05218356203176 240.39659606066863 240.73556179483703 0.0 0.0 0.0 0.0 0.0 0.0 0.0 0.0 0.0 0.0 0.0 0.0
224.74140854664336 225.08825867405633 225.43816445881146 225.79106499318573 226.1468922522308 226.50557078777314 226.86701744270556 227.23114108932043 227.59784239489585 227.96701361765253 228.33853843580505 228.71229181177924 229.08813989357063 229.46593995427781 229.84554037068565 230.22678064108447 230.6094914420769 230.9934947237333 231.37860384217885 231.76462372818986 232.15135109049743 232.53857465212343 232.92607541826976 233.3136269741268 233.70099581136688 234.08794168196576 234.47421797860522 234.85957214078297 235.24374608638283 235.6264766685087 236.00749615777647 236.38653275038575 236.76331110254415 237.13755289188828 237.5089774065566 237.87730216261792 238.24224355030384 238.60351750939805 238.96084023368877 239.31392890415054 239.66250244987123 240.00628233529082 240.344993371653 240.6783645497987 0.0 0.0 0.0 0.0 0.0 0.0 0.0 0.0 0.0 0.0 0.0 0.0
224.89709533753043 225.24112968368638 225.58809129770725 225.93791722234002 226.2905376581337 226.64587568616057 227.00384700990548 227.36435971952415 227.72731408138804 228.09260235564517 228.46010864417184 228.829708770937 229.2012701963369 229.57465196671475 229.9497046998149 230.3262706064668 230.70418354840578 231.0832691318882 231.46334483627845 231.84422017670573 232.22569689961753 232.60756921000606 232.9896240290209 233.371641280741 233.753394206939 234.13464970884144 234.5151687150581 234.89470657504427 235.27301347765814 235.6498348946651 236.0249120491219 236.39798240881657 236.76878020503182 237.13703697698145 237.50248214224956 237.86484359353125 238.22384832184213 238.57922306609447 238.930694988725 239.27799237669257 239.62084536662664 239.9589866925783 240.2921524540983 240.6200829019326 0.0 0.0 0.0 0.0 0.0 0.0 0.0 0.0 0.0 0.0 0.0 0.0
225.0478397378228 225.38904412171354 225.7330516321585 226.0797975177749 226.42921044988304 226.78121227127724 227.13571776308794 227.49263443253983 227.8518623242328 228.21329385734003 228.5768136908919 228.94229861889582 229.30961749682848 229.67863120054233 230.04919261838552 230.42114667688844 230.7943304000524 231.16857300205172 231.5436960127214 231.91951343523345 232.29583193498206 232.6724510587095 233.04916348289257 233.42575529028747 233.80200627376888 234.17769026651177 234.552575497784 234.92642497385756 235.2989968834724 235.67004502765587 236.03931927373213 236.40656603350808 236.7715287656489 237.1339485024251 237.4935644007606 237.85011431772725 238.20333541023444 238.5529647586332 238.8987400136179 239.240400065502 239.5776857345058 239.91034048042286 240.2381111292753 0.0 0.0 0.0 0.0 0.0 0.0 0.0 0.0 0.0 0.0 0.0 0.0 0.0
225.1937404061501 225.5321038303854 225.87315037736164 226.21681373607595 226.5630212734056 226.91169380653432 227.26274539245048 227.61608313705975 227.9716070262308 228.32920978089064 228.68877673812003 229.05018575992216 229.41330717092757 229.7780037261481 230.1441306094986 230.51153546349298 230.8800584502711 231.24953234383645 231.6197826531419 231.99062777549946 232.36187917962397 232.73334161752504 233.10481336441453 233.47608648582792 233.8469471310573 234.21717585224206 234.58654794838827 234.95483383381162 235.3217994304662 235.68720658393403 236.0508135027482 236.4123752208995 236.771644083399 237.12837025482693 237.48230225062147 237.83318749095133 238.1807728767992 238.52480538760483 238.86503269979553 239.2012038250249 239.53306976668676 239.86038419291054 240.18290412379355 0.0 0.0 0.0 0.0 0.0 0.0 0.0 0.0 0.0 0.0 0.0 0.0 0.0
225.33489437528152 225.67040880223482 226.00849037493867 226.34907143819476 226.69207826049328 227.0374308279416 227.3850426543858 227.73482060990162 228.08666476985385 228.4404682863041 228.79611728364443 229.15349077982654 229.51246063450935 229.8728915250586 230.23464095117936 230.59755926850568 230.96148975154145 231.3262686857503 231.69172548867536 232.0576828596993 232.4239569578592 232.79035760717088 233.1566885287421 233.5227475989791 233.8883271332175 234.25321419408775 234.6171909240494 234.9800349015132 235.34151952013633 235.701414390865 236.05948576642385 236.41549698792755 236.76920895338955 237.1203806078263 237.4687694545894 237.814132087588 238.15622474376602 238.4948038751497 238.8296267394846 239.16045200826176 239.48704039063023 239.80915527128565 0.0 0.0 0.0 0.0 0.0 0.0 0.0 0.0 0.0 0.0 0.0 0.0 0.0 0.0
225.47139698833954 225.8040571299367 226.13917235679008 226.47667386743808 226.81648702088165 227.15853115011703 227.50271939101287 227.84895852851145 228.19714886204213 228.54718409190562 228.89895122812544 229.25233052320922 229.60719542989847 229.96341258488465 230.32084181912995 230.67933619531385 231.03874207261035 231.39889919891547 231.75964083029896 232.1207938775406 232.48217907922665 232.84361120104387 233.204899260552 233.56584677706195 233.92625204581992 234.28590843608342 234.64460471237754 235.00212537855356 235.3582510441099 235.71275881234237 236.0654226899453 236.41601401767917 236.76430192172626 237.11005378530433 237.45303574009358 237.79301317686313 238.12975127465896 238.46301554764722 238.79257240858163 239.11818974755045 239.43963752449446 0.0 0.0 0.0 0.0 0.0 0.0 0.0 0.0 0.0 0.0 0.0 0.0 0.0 0.0 0.0
225.60334184710297 225.9331449673441 226.26529491918814 226.59972193676847 226.93635064275065 227.27509987975662 227.61588255634052 227.95860550936453 228.30316938433705 228.64946853544546 228.99739094655962 229.34681817455495 229.6976253159304 230.0496809976471 230.40284739282086 230.75698026176372 231.11192901863126 231.46753682382916 231.82364070206947 232.18007168597572 232.53665498486097 232.89321017833083 233.2495514342709 233.60548775068372 233.9608232208937 234.31535732157963 234.6688852231061 235.02119812169985 235.37208359293152 235.72132596609802 236.06870671902095 236.41400489280124 236.75699752608966 237.0974601083363 237.43516705142167 237.76989217901973 238.10140923287165 238.4294923950327 238.75391682490599 239.074459209785 239.39089832721302 0.0 0.0 0.0 0.0 0.0 0.0 0.0 0.0 0.0 0.0 0.0 0.0 0.0 0.0 0.0
225.73082077104334 226.05776650052087 226.38695450604683 226.71831422443657 227.05176970068217 227.38723943578276 227.7246362483112 228.06386715152823 228.40483324741297 228.7474296391253 229.09154536317808 229.43706334239374 229.78386036072627 230.13180706065435 230.4807679638697 230.83060151566957 231.1811601533965 231.53229039905486 231.88383297611188 232.2356229503843 232.58748989480927 232.93925807768048 233.29074667416165 233.64177000047718 233.99213777043795 234.34165537375247 234.69012417570036 235.0373418376367 235.38310265787828 235.7271979324505 236.0694163352385 236.40954431700803 236.747366522754 237.08266622679076 237.41522578491964 237.7448271028961 238.0712521203193 238.39428330895373 238.71370418421435 239.0292998285388 239.34085742492755 0.0 0.0 0.0 0.0 0.0 0.0 0.0 0.0 0.0 0.0 0.0 0.0 0.0 0.0 0.0
225.85392376595811 226.17801392761365 226.5042454002847 226.8325469769041 227.1628422701725 227.49504957529248 227.82908174589986 228.16484608458478 228.5022442494324 228.84117217789787 229.18152002913567 229.52317214584528 229.86600703657098 230.20989737915687 230.55471004601543 230.9003061516408 231.24654112268752 231.59326479078962 231.94032150818114 232.28755028603092 232.63478495536634 232.981854350299 233.32858251326564 233.67478892191787 234.02028873722566 234.36489307241192 234.7084092821524 235.05064127174498 235.39138982556156 235.73045295443927 236.0676262613688 236.4027033250249 236.73547610047632 237.06573533643012 237.3932710083276 237.71787276638238 238.03933039774734 238.35743430159565 238.67197597605565 238.98274851542232 239.28954711627307 0.0 0.0 0.0 0.0 0.0 0.0 0.0 0.0 0.0 0.0 0.0 0.0 0.0 0.0 0.0
225.97273900115565 226.29397744662754 226.61725972235666 226.9425141182724 227.26966394784554 227.59862742449118 227.92931755058083 228.2616420202892 228.5955031375448 228.9307977503398 229.26741720234264 229.60524730289592 229.9441683161482 230.2840549700597 230.6247764858756 230.96619662847405 231.308173777934 231.65056102250452 231.99320627304792 232.33595239894913 232.67863738536442 233.02109451158572 233.36315255031917 233.7046359874671 234.04536526216012 234.38515702645782 234.7238244245078 235.06117739048682 235.39702296498854 235.73116562925162 236.06340765671945 236.39354948136105 236.72139008205744 237.04672738244267 237.36935866535475 237.68908100105517 238.00569168826897 238.31898870692828 238.6287711813922 238.93483985274995 0.0 0.0 0.0 0.0 0.0 0.0 0.0 0.0 0.0 0.0 0.0 0.0 0.0 0.0 0.0 0.0
226.08735279425053 226.40574525017098 226.72608743512512 227.04830726533172 227.37232787673986 227.6980675140199 228.02543943151966 228.35435180738392 228.68470767196337 229.01640485163028 229.3493359289071 229.68338821988974 230.01844376961535 230.354379366162 230.69106657390114 231.02837178644205 231.36615629949392 231.70427640388704 232.04258349884878 232.38092422554223 232.71914062075092 233.057070290572 233.3945466038973 233.73139890537402 234.06745274751256 234.40253014155275 234.7364498266992 235.06902755723843 235.4000764070497 235.7294070910432 236.05682830286622 236.38214706836152 236.70516911409572 237.02569925016124 237.34354176655916 237.65850084219852 237.97038096555218 0.0 0.0 0.0 0.0 0.0 0.0 0.0 0.0 0.0 0.0 0.0 0.0 0.0 0.0 0.0 0.0 0.0 0.0 0.0
226.1978496027104 226.51340352637916 226.83081635432086 227.15001574758494 227.47092477585957 227.79346181799448 228.11754047389255 228.44306948896048 228.76995269207578 229.09808894807617 229.42737212569008 229.75769108169115 230.08892966200312 230.42096672034936 230.7536761549988 231.0869269639647 231.4205833189975 231.7545046585593 232.08854579988332 232.42255707017569 232.7563844568217 233.08986977655812 233.4228508633154 233.75516177456407 234.08663301575285 234.41709178254257 234.74636222044228 235.0742657013276 235.400621116446 235.7252451853111 236.047952779981 236.36855726403792 236.68687084562413 237.0027049437937 237.3158705673514 237.62617870529573 237.93344072782423 238.2374687968707 0.0 0.0 0.0 0.0 0.0 0.0 0.0 0.0 0.0 0.0 0.0 0.0 0.0 0.0 0.0 0.0 0.0 0.0
226.30431202142543 226.61703646531282 226.93153216387728 227.24772663161656 227.56554297354097 227.8848997962403 228.2057111298571 228.52788636194018 228.85133018416536 229.1759425527595 229.5016186635274 229.82824894215378 230.15571905048523 230.48390990934024 230.81269773833662 231.14195411311326 231.4715460402413 231.80133605002737 232.1311823073204 232.46093874036052 232.79045518761376 233.11957756248535 233.4481480357307 233.77600523533022 234.10298446348838 234.42891793049768 234.75363500501604 235.07696248030373 235.39872485601546 235.71874463492978 236.03684263414965 236.35283831000564 236.66655009615388 236.97779575390388 237.28639273419984 237.59215855009444 237.89491115895646 238.19446935314517 0.0 0.0 0.0 0.0 0.0 0.0 0.0 0.0 0.0 0.0 0.0 0.0 0.0 0.0 0.0 0.0 0.0 0.0
226.40682078555906 226.7167262701532 227.02831843557345 227.34152474920396 227.6562684439834 227.97246843920107 228.29003927166013 228.60889103817874 228.92892935027626 229.25005530186783 229.57216545073152 229.89515181440774 230.21890188116825 230.5432986365585 230.8682206059772 231.19354191365142 231.51913235826368 231.84485750547248 232.17057879739082 232.49615367908314 232.82143574207151 233.14627488470478 233.47051748924173 233.79400661544634 234.11658221037354 234.43808133410175 234.75833840087213 235.0771854353889 235.39445234370177 235.70996719816495 236.02355653589936 236.33504567013827 236.64425901378183 236.95102041437212 237.255153499695 237.55648203311625 237.85483027764093 238.15002336765787 0.0 0.0 0.0 0.0 0.0 0.0 0.0 0.0 0.0 0.0 0.0 0.0 0.0 0.0 0.0 0.0 0.0 0.0
226.50545477815805 226.8125531726272 227.12125665239364 227.43149272862212 227.7431848465193 228.0562523150396 228.37061024646522 228.6861695068287 229.00283667788 229.32051403140284 229.6390995165337 229.95848676074735 230.27856508504362 230.59921953384077 230.9203309199803 231.24177588518313 231.56342697622648 231.88515273704172 232.20681781677672 232.5282830939685 232.84940581672186 233.17003975881426 233.49003539161458 233.8092400715392 234.12749824284725 234.4446516553972 234.76053959703745 235.07499914019536 235.38786540219786 235.6989718188151 236.00815043043076 236.3152321802631 236.6200472238948 236.92242524942714 237.22219580738164 237.51918864952682 237.8132340756238 238.10416328706106 238.39180874625015 0.0 0.0 0.0 0.0 0.0 0.0 0.0 0.0 0.0 0.0 0.0 0.0 0.0 0.0 0.0 0.0 0.0
226.60029104180916 226.90459545211587 227.21042623510584 227.51771102873607 227.82637356716666 228.1363336185721 228.44750693252894 228.75980519759943 229.073136009996 229.38740285390733 229.702505094145 230.01833798172268 230.33479267281675 230.6517562616711 230.9691118277005 231.28673849720695 231.60451151988912 231.9223023603949 232.23997880493698 232.55740508305536 232.87444200455684 233.19094711140713 233.5067748445972 233.82177672563088 234.13580155250378 234.44869560975883 234.76030289234842 235.07046534284189 235.3790231015056 235.68581476882326 235.99067767979153 236.293448189463 236.5939619689957 236.8920543115082 237.18756044697307 237.4803158651673 237.77015664589305 238.0569197953296 238.3404435875114 238.62056790970652 0.0 0.0 0.0 0.0 0.0 0.0 0.0 0.0 0.0 0.0 0.0 0.0 0.0 0.0 0.0 0.0
226.69140479400966 226.99292945796876 227.29590457161845 227.6002579754284 227.9059137620413 228.2127922216475 228.52080979637844 228.82987904456434 229.13990861543667 229.45080323493787 229.76246370319478 230.07478690423505 230.38766582837673 230.70098960771128 231.0146435650925 231.32850927682858 231.64246464939583 231.95638401029134 232.27013821311294 232.5835947569536 232.8966179200492 233.20906890759093 233.52080601361132 233.83168479668518 234.14155826924505 234.45027710023408 234.75768983061883 235.0636431015676 235.36798189463798 235.6705497836261 235.97118919742138 236.26974169333744 236.56604824019064 236.85994951046206 237.15128618072305 237.4398992394925 237.72563030161683 238.00832192819615 238.28781795098422 238.56396380017873 0.0 0.0 0.0 0.0 0.0 0.0 0.0 0.0 0.0 0.0 0.0 0.0 0.0 0.0 0.0 0.0
226.77886944567172 227.0776296346067 227.37776704872286 227.67920979991706 227.98188240233586 228.2857057245874 228.59059695068416 228.8964695502923 229.20323325899273 229.5107940690525 229.81905423127935 230.1279122684498 230.43726300072296 230.74699758346344 231.05700355776293 231.36716491394668 231.6773621682849 231.9874724530464 232.29736961999095 232.60692435732847 232.91600432014246 233.2244742741717 233.5321962528149 233.83902972721074 234.1448317891 234.44945734620546 234.75275932980006 235.0545889140427 235.35479574666766 235.65322819052335 235.94973357541375 236.24415845969003 236.5363489008633 236.82615073463393 237.11340986147724 237.39797254007598 237.6796856865921 237.95839717894415 238.2339561650171 0.0 0.0 0.0 0.0 0.0 0.0 0.0 0.0 0.0 0.0 0.0 0.0 0.0 0.0 0.0 0.0 0.0
