gridCalculator/result/Kriging.asc
ncols	218
nrows	236
xllcorner	466515.47101027
yllcorner	2626221.2241437
cellsize	90.0
NODATA_VALUE	-9999
[rows 175 to 199 of 236, columns 56 to 111 of 218]
226.8627566223809 227.15876854898988 227.4560870858051 227.75464067878548 228.05435432047096 228.35514950851316 228.65694421254727 228.9596528499663 229.26318627121657 229.56745175508513 229.8723530144888 230.1777902132329 230.48365999413815 230.78985551885538 231.09626651970507 231.4027793637802 231.7092771295047 232.01563969577398 232.32174384378231 232.62746337155903 232.93266922115015 233.23722961846238 233.5410102255057 233.84387430495636 234.14568289677334 234.44629500655918 234.74556780536506 235.04335684058134 235.3395162573746 235.63389903036006 235.926357204834 236.21674214704376 236.50490480291558 236.79069596443418 237.07396654306467 237.35456784934757 237.63235187782396 237.9071715964247 238.17888123929384 0.0 0.0 0.0 0.0 0.0 0.0 0.0 0.0 0.0 0.0 0.0 0.0 0.0 0.0 0.0 0.0 0.0
226.94313618804915 227.236416920138 227.5309361702433 227.82662277519523 228.12340225719862 228.42119678814527 228.71992516195357 229.01950277534084 229.3198416177127 229.62085027053018 229.92243391665772 230.22449436010194 230.52693005649135 230.82963615465462 231.13250454952112 231.43542394664127 231.73827993842855 232.04095509229646 232.34332905077102 232.64527864355546 232.9466780115497 233.2473987427624 233.54731001991837 233.84627877967054 234.14416988312098 234.4408462974069 234.73616928799908 235.02999862139376 235.32219277772526 235.61260917285966 235.90110438944942 236.18753441640496 236.4717548961169 236.75362137885205 237.03298958352036 237.3097156641012 237.5836564809329 237.85466987589598 238.122614950693 0.0 0.0 0.0 0.0 0.0 0.0 0.0 0.0 0.0 0.0 0.0 0.0 0.0 0.0 0.0 0.0 0.0
227.02007627062417 227.31064365033592 227.60238389416423 227.8952262811882 228.1890969093356 228.48391866498622 228.7796112002347 229.07609091832902 229.37327096766577 229.6710612448562 229.9693684072722 230.26809589543086 230.56714396555418 230.8664097326105 231.1657872241252 231.46516744488304 231.76443845274684 232.0634854457158 232.3621908602247 232.6604344807526 232.9580935607035 233.25504295444603 233.55115526041016 233.8463009750572 234.14034865751816 234.4331651045862 234.72461553579927 235.01456378821544 235.30287252050033 235.58940342584327 235.87401745325198 236.1565750365944 236.43693633093204 236.7149614553349 236.9905107416468 237.2634449883604 237.53362571886512 237.80091544324137 238.06517792267624 0.0 0.0 0.0 239.08928932242645 0.0 0.0 0.0 0.0 0.0 0.0 0.0 0.0 0.0 0.0 0.0 0.0 0.0
0.0 227.38151585781043 227.6704979922996 227.96051946075127 228.25150697800802 228.54338418054004 228.83607160824187 229.12948669400538 229.42354376152025 229.7181540316572 230.0132256378675 230.30866365090938 230.60437011321585 230.90024408322 231.19618168976746 231.49207619692487 231.78781807924133 232.08329510760018 232.37839244570034 232.67299275720825 232.96697632347184 233.26022117180958 233.55260321417683 233.84399639604447 234.1342728553306 234.42330309099958 234.7109561411957 234.99709977038265 235.28160066522133 235.5643246386958 235.8451368419847 236.12390198361038 236.40048455523612 236.674749063533 236.94656026741802 237.21578342001362 237.48228451450478 237.74593053317454 238.00658969874434 238.26413172710295 238.5184280806366 238.76935222102236 239.0167798606883 0.0 0.0 0.0 0.0 0.0 0.0 0.0 0.0 0.0 0.0 0.0 0.0 0.0
0.0 227.44909891050122 227.73534438074523 228.02256869339715 228.31069921701513 228.59966036952122 228.8893736041665 229.17975740292206 229.4707272776383 229.76219577947617 230.05407251681712 230.34626418207256 230.6386745876157 230.9312047111079 231.22375275044053 231.51621418842387 231.80848186738984 232.1004460737807 232.3919946327782 232.6830130129294 232.97338444083098 233.26299002565727 233.5517088935236 233.83941833143138 234.12599394061294 234.4113097990377 234.6952386327501 234.97765199570495 235.25842045775485 235.53741380029214 235.81450121916106 236.08955153425134 236.36243340530712 236.63301555326518 236.90116698658386 237.16675723178452 237.42965656759534 237.68973626185795 237.946868810449 238.200928177359 238.4517900350795 238.69933200439897 238.94343389268653 0.0 0.0 0.0 0.0 0.0 0.0 0.0 0.0 0.0 0.0 0.0 0.0 0.0
227.23091544594814 227.51345646085935 227.796987196275 228.08143851814475 228.36673848136425 228.65281231275765 228.93958240082932 229.22696829259422 229.51488669784487 229.80325150124077 230.09197378248828 230.38096184496555 230.67012125298248 230.9593548779422 231.24856295358637 231.53764314048186 231.82649059985576 232.11499807683248 232.40305599316457 232.6905525494148 232.977373836531 233.26340395678375 233.54852515386602 233.832617952055 234.11556130419302 234.39723274822552 234.6775085720493 234.95626398629784 235.23337330471864 235.50871013173543 235.78214755670487 236.05355835443987 236.3228151914211 236.58979083712603 236.8543583799257 237.11639144683573 237.37576442645008 237.63235269439576 237.88603284047642 238.13668289675962 238.38418256580206 238.6284134481249 238.86925926811466 239.10660609742393 0.0 0.0 0.0 0.0 0.0 0.0 0.0 0.0 0.0 0.0 0.0 0.0
227.29474514570825 227.5746504813094 227.8554888362049 228.1371916776368 228.4196877756451 228.70290318976686 228.98676126226644 229.27118261805762 229.55608517176915 229.8413841422207 230.12699207462035 230.41281887073836 230.69877182731335 230.9847556828624 231.27067267306887 231.55642259495795 231.84190287983145 232.12700867516668 232.4116329353707 232.69566652151917 232.9789983099118 233.26151530942303 233.54310278750341 233.82364440466222 234.10302235725308 234.3811175282692 234.65780964591204 234.93297744959654 235.20649886305816 235.47825117410235 235.74811122064165 236.01595558248323 236.28166077841783 236.54510346800905 236.80616065754015 237.06470990947565 237.3206295548149 237.57379890763485 237.82409848109316 238.07141020418072 238.3156176384511 238.5566061938888 238.79426334311466 239.0284788331611 239.259144893878 0.0 0.0 0.0 0.0 0.0 0.0 0.0 0.0 0.0 0.0 0.0
227.35545096929465 227.63274130025394 227.9109099984929 228.18988916230975 228.469608302147 228.7499943307717 229.0309715595789 229.31246170136467 229.59438387987905 229.87665464644942 230.1591880039396 230.4418954382771 230.72468595779603 231.00746614050345 231.29014018955044 231.57260999689123 231.85477521533113 232.1365333389287 232.41777979187196 232.69840802569897 232.97830962489348 233.25737442075246 233.53549061335622 233.8125449015488 234.08842262063678 234.36300788769103 234.63618375404585 234.90783236480937 235.17783512493094 235.4460728715248 235.71242605201155 235.97677490757434 236.23899966153027 236.49898071200238 236.75659882844064 237.01173535129215 237.26427239427747 237.5140930486079 237.76108158845756 238.00512367698033 238.24610657216613 238.48391933175287 238.71845301649395 238.94960089088144 239.17725862068642 0.0 0.0 0.0 0.0 0.0 0.0 0.0 0.0 0.0 0.0 0.0
227.4130912482546 227.68778763848522 227.96330972197404 228.2395902543946 228.51655950864972 228.79414526814315 229.07227282592098 229.350864990002 229.62984209518464 229.9091220215457 230.18862021995827 230.46824974477852 230.74792129391207 231.02754325646967 231.3070217680901 231.58626077406535 231.86516210037922 232.14362553263123 232.42154890293904 232.69882818472055 232.97535759535373 233.25102970662778 233.5257355628074 233.79936480619563 234.07180581000054 234.34294581823931 234.61267109246882 234.8808670649775 235.1474184981816 235.41220964978714 235.67512444336825 235.93604664389395 236.1948600377683 236.45144861682616 236.70569676587195 236.9574894530328 237.20671242250816 237.4532523889771 237.69699723307406 237.93783619729254 238.17566008155194 238.41036143778592 238.6418347628534 238.86997668894827 239.0946861708428 0.0 0.0 0.0 0.0 0.0 0.0 0.0 0.0 0.0 0.0 0.0
227.4677227932224 227.73984664582224 228.01274542658982 228.28635257175995 228.56059913572622 228.83541378710888 229.11072281050815 229.38645011411973 229.66251724352836 229.93884340192662 230.21534547692428 230.49193807424157 230.76853355837727 231.04504210042006 231.32137173319768 231.59742841376126 231.8731160933218 232.14833679468512 232.4229906971674 232.69697622895987 232.97019016690447 233.24252774360153 233.5138827616456 233.78414771497592 234.0532139169707 234.32097163523866 234.5873102327238 234.85211831487965 235.1152838826406 235.3766944907339 235.6362374110185 235.89379980044833 236.14926887315235 236.40253207619995 236.65347726853628 236.9019929025501 237.1479682077271 237.39129337578174 237.63185974667863 237.86955999493915 238.10428831551798 238.33594060864925 238.56441466298128 238.78961033625723 239.01142973293025 0.0 0.0 0.0 0.0 0.0 0.0 0.0 0.0 0.0 0.0 0.0
227.51940092718485 227.78897393780537 228.0592729534988 228.3302321113395 228.6017832634438 228.87385597567322 229.14637753166005 229.419272942521 229.69246496244585 229.96587411035588 230.2394186979138 230.51301486398515 230.78657661576275 231.06001587669726 231.33324254125228 231.6061645367427 231.878687892104 232.1507168138021 232.42215376875663 232.69289957431994 232.9628534952195 233.23191334737993 233.4999756084805 233.76693553515042 234.03268728652668 234.29712405406275 234.56013819724097 234.82162138498856 235.0814647424342 235.33955900269672 235.59579466332957 235.85006214700604 236.1022519660537 236.35225489035582 236.59996211811853 236.845265449092 237.08805745957875 237.32823167877743 237.56568276588177 237.80030668725468 238.0320008931974 238.26066449358052 238.48619843175732 238.7085056561069 0.0 0.0 0.0 0.0 0.0 0.0 0.0 0.0 0.0 0.0 0.0 0.0
227.56817951897463 227.83522363239828 228.1029466049691 228.3712832921427 228.64016635748973 228.90952627370487 229.17929132874627 229.44938763742473 229.7197391585381 229.99026771785498 230.26089303708997 230.53153276902606 230.80210253896354 231.07251599258825 231.3426848503687 231.61251896854372 231.88192640678938 232.1508135024921 232.41908495175784 232.68664389698122 232.95339202104665 233.21922964789485 233.4840558495477 233.74776855925472 234.01026469068017 234.27144026290574 234.53119053094724 234.78941012164614 235.04599317448879 235.3008334871312 235.55382466524995 235.80486027629433 236.05383400683874 236.3006398229487 236.54517213325266 236.78732595416375 237.02699707672534 237.264082234629 237.49847927281348 237.73008731607908 237.95880693718883 238.18454032382022 238.40719144379483 238.626666207997 0.0 0.0 0.0 0.0 0.0 0.0 0.0 0.0 0.0 0.0 0.0 0.0
227.61411101680565 227.8786483865631 228.14381918391274 228.4095589977692 228.67580131451047 228.94247752107736 229.2095169130585 229.47684670787962 229.74439206338297 230.01207610190284 230.27981994007857 230.54754272451657 230.81516167339743 231.08259212423252 231.34974758776067 231.61653980811087 231.882878829219 232.1486730675785 232.41382939121848 232.67825320499037 232.94184854197556 233.20451816101448 233.46616365017297 233.72668553605493 233.98598339871242 234.24395599202342 234.5005013692832 234.75551701368238 235.00889997352624 235.2605470017186 235.51035469932276 235.75821966273833 236.0040386341127 236.24770865464416 236.48912722025884 236.7281924392559 236.96480319143154 237.1988592881649 237.43026163299476 237.6589123821384 237.88471510437586 238.1075749398363 238.3273987570184 238.5440953075721 0.0 0.0 0.0 0.0 0.0 0.0 0.0 0.0 0.0 0.0 0.0 0.0
227.65724648177428 227.91929943260448 228.18194203306246 228.44511061830917 228.70873950670938 228.9727610048944 229.23710541750472 229.50170106189654 229.766474287922 230.03134950298806 230.29624920254875 230.5610940061462 230.82580269913927 231.0902922802038 231.35447801468166 231.61827349384617 231.88159070006338 232.1443400779657 232.4064306114874 232.6677699068062 232.92826428111584 233.18781885709194 233.4463376629966 233.70372373819646 233.95987924400828 234.21470557962073 234.46810350286887 234.71997325564143 234.97021469362483 235.21872742008807 235.4654109233979 235.7101647178901 235.95288848775488 236.19348223353387 236.4318464207991 236.66788213060312 236.90149121126743 237.13257643095716 237.36104163066278 237.58679187702876 237.8097336145288 238.02977481648125 238.24682513435818 238.4607960449078 0.0 0.0 0.0 0.0 0.0 0.0 0.0 0.0 0.0 0.0 0.0 0.0
227.69763562125186 227.95722661422084 228.2173650736528 228.47798809160258 228.73903082564803 229.00042650567485 229.26210644516527 229.52400005721947 229.786034875371 230.04813657950916 230.3102290269082 230.57223428855625 230.834072690866 231.0956628628738 231.3569217889663 231.617764867181 231.87810597314854 232.13785752963196 232.396930581612 232.65523487700818 232.91267895278247 233.16917022649486 233.42461509306196 233.67891902670095 233.93198668778578 234.18372203448396 234.43402843893506 234.68280880776072 234.92996570658997 235.17540148837142 235.41901842511703 235.6607188427819 235.90040525889833 236.13798052260967 236.37334795669034 236.60641150119812 236.8370758582177 237.0652466373983 237.29083050170934 237.51373531298543 237.7338702768262 237.9511460862505 238.16547506376634 0.0 0.0 0.0 0.0 0.0 0.0 0.0 0.0 0.0 0.0 0.0 0.0 0.0
227.73532682203603 227.99247842218705 228.25013684356702 228.5082399438192 228.76672372512678 229.02552234254432 229.2845681166629 229.54379155076322 229.80312135260056 230.06248446098618 230.3218060772705 230.58100970184572 230.84001717576047 231.0987487275403 231.35712302521927 231.61505723369362 231.8724670773464 232.1292669079918 232.38536977808465 232.64068751913368 232.89513082533273 233.1486093421467 233.40103175996282 233.65230591247058 233.9023388797156 234.15103709560952 234.39830645969926 234.64405245294574 234.8881802573056 235.13059487874688 235.37120127354302 235.60990447738953 235.8466097371033 236.08122264449872 236.31364927209475 236.5437963102537 236.77157120533178 236.99688229845975 237.21963896448722 237.43975175064136 237.65713251452428 237.8716945608578 238.08335277665356 0.0 0.0 0.0 0.0 0.0 0.0 0.0 0.0 0.0 0.0 0.0 0.0 0.0
227.77036718326832 228.02510202962208 228.2803045349081 228.53591332927562 228.79186526323016 229.0480954173762 229.3045371162936 229.56112194669956 229.81777978005078 230.0744387996745 230.3310255326022 230.5874648861601 230.84368018939193 231.09959323942832 231.3551243528177 231.61019242185318 231.86471497590006 232.118608247745 232.37178724490968 232.62416582587971 232.87565678119694 233.1261719193241 233.37562215712424 233.62391761488146 233.87096771567423 234.116681288904 234.36096667782851 234.60373185083012 234.84488451619632 235.08433224016576 235.32198256794655 235.55774314735197 235.79152185486123 236.02322692362054 236.2527670731505 236.48005164029914 236.704990711128 236.92749525329697 237.14747724854695 237.36484982485888 237.57952738788362 237.79142575118902 238.00046226489917 238.20655594228413 0.0 0.0 0.0 0.0 0.0 0.0 0.0 0.0 0.0 0.0 0.0 0.0
227.80280254898116 228.0551433267409 228.30791403094224 228.5610540694954 228.8145011434201 229.06819125785913 229.32205873701315 229.57603624320006 229.8300548001367 230.08404382052908 230.33793113814713 230.59164304441796 230.84510432958152 231.0982383285928 231.35096697164647 231.6032108394996 231.85488922347918 232.10592019023852 232.35622065120103 232.60570643663857 232.8542923743388 233.1018923727255 233.34841950835778 233.59378611765402 233.83790389272997 234.08068398110922 234.32203708916353 234.56187358905993 234.80010362898912 235.03663724639216 235.27138448397548 235.5042555081382 235.73516072961698 235.9640109259313 236.190717365356 236.41519193202512 236.63734725185782 236.85709681887843 237.0743551215731 237.2890377688986 237.5010616155106 237.71034488584007 237.91680729660078 238.12037017726297 0.0 0.0 0.0 0.0 0.0 0.0 0.0 0.0 0.0 0.0 0.0 0.0
227.8326775402609 228.08264695511554 228.333009942378 228.58370669145958 228.83467575470098 229.08585405949293 229.33717692416852 229.58857807783772 229.8399896842219 230.0913423696174 230.34256525514408 230.59358599320376 230.8443308083867 231.09472454278796 231.34469070574556 231.59415152809268 231.84302802085722 232.0912400384547 232.3387063462718 232.58534469263645 232.83107188511394 233.07580387098216 233.31945582182516 233.56194222209314 233.80317696151653 234.04307343112546 234.2815446227969 234.51850323205696 234.75386176391262 234.98753264151867 235.21942831736558 235.44946138679694 235.67754470344067 235.9035914963966 236.12751548873638 236.34923101708227 236.5686531518295 236.7856978177469 237.00028191452088 237.21232343693094 237.42174159422095 237.62845692833451 237.8323914306019 238.03346865650735 238.2316138381352 0.0 0.0 0.0 0.0 0.0 0.0 0.0 0.0 0.0 0.0 0.0
227.8600355870061 228.10765634135564 228.35563564294273 228.60391446504545 228.85243221082723 229.1011267265083 229.34993431805142 229.59878977166056 229.8476263781108 230.09637596095567 230.34496890885364 230.5933342119019 230.84139950217207 231.08909109839092 231.33633405490585 231.58305221482652 231.82916826742803 232.07460380977153 232.3192794124672 232.5631146896185 232.8060283727372 233.0479383887051 233.28876194153545 233.52841559786165 233.76681537607544 234.0038768388033 234.2395151886978 234.4736453672505 234.7061821564582 234.93704028308554 235.16613452530356 235.39337982142897 235.61869138048985 235.84198479434218 236.06317615100272 236.28218214892652 236.4989202118831 236.71330860407147 236.92526654520663 237.13471432510545 237.34157341756958 237.54576659307273 237.74721802996152 237.9458534237761 238.14160009439178 0.0 0.0 0.0 0.0 0.0 0.0 0.0 0.0 0.0 0.0 0.0
227.88491895915683 228.13021373018185 228.37583330425895 228.62171943959115 228.86781238856184 229.11405091171258 229.36037229523055 229.6067123719686 229.85300554614582 230.0991848217834 230.3451818349869 230.59092689011914 230.836348999877 231.0813759293754 231.3259342442414 231.56994936267415 231.8133456115484 232.05604628644818 232.29797371570965 232.53904932827746 232.7791937254308 233.01832675619778 233.2563675964221 233.49323483130766 233.72884654133787 233.96312039140366 234.1959737229579 234.42732364902633 234.65708715185832 234.88518118300306 235.1115227655959 235.33602909854287 235.55861766243305 235.77920632685917 235.99771345878887 236.2140580318772 236.42815973617894 236.63993908812782 236.84931754038865 237.05621759122727 237.26056289312532 237.46227836023064 237.66129027439408 237.85752638934383 238.05091603275883 0.0 0.0 0.0 0.0 0.0 0.0 0.0 0.0 0.0 0.0 0.0
227.90736879745174 228.1503602168974 228.39364392995492 228.63716247967716 228.8808569649464 229.12466705524355 229.36853100873194 229.61238569377286 229.85616661390117 230.09980793640108 230.34324252451574 230.58640197334293 230.82921664948864 231.07161573445623 231.3135272718714 231.55487821847368 231.79559449887114 232.03560106410052 232.27482195387825 232.51318036249026 232.75059870832663 232.9869987068991 233.22230144723616 233.45642747160045 233.68929685835013 233.92082930777497 234.15094423083022 234.3795608404455 234.6065982453864 234.83197554628967 235.05561193378614 235.27742678838763 235.49733978192234 235.71527098028264 235.93114094715332 236.1448708484765 236.35638255737558 236.56559875921164 236.77244305647102 236.97684007319396 237.17871555858864 237.37799648957167 237.57461117185318 237.76848933928918 237.95956225116723 0.0 0.0 0.0 0.0 0.0 0.0 0.0 0.0 0.0 0.0 0.0
227.9274251436458 228.16813577920624 228.40910738905225 228.65028329995556 228.8916054536428 229.13301442226242 229.3744494270027 229.6158483599862 229.85714780947592 230.09828308849808 230.33918826692707 230.57979620707488 230.8200386028497 231.0598460224573 231.29914795472882 231.53787285902013 231.77594821868013 232.013300598083 232.24985570316744 232.48553844542525 232.72027300926737 232.95398292270468 233.18659113120867 233.41802007466924 233.6481917673095 233.8770278803911 234.10444982759947 234.33037885288493 234.55473612061778 234.7774428078182 234.9984201982927 235.21758977838655 235.4348733342093 235.65019304998356 235.86347160734312 236.0746322852561 236.2835990603448 236.49029670727356 236.69465089894385 236.8965883062309 237.09603669687723 237.29292503333534 237.48718356923098 237.67874394409608 0.0 0.0 0.0 0.0 0.0 0.0 0.0 0.0 0.0 0.0 0.0 0.0
227.9451269701573 228.18357930834878 228.42226244857213 228.6611204991936 228.90009624026845 229.13913113958597 229.37816537175473 229.61713784039495 229.85598620350586 230.09464690207255 230.33305519198515 230.57114517927548 230.8088498587308 231.0461011559159 231.28282997256423 231.51896623540355 231.75443894832486 231.98917624794643 232.22310546245404 232.45615317370925 232.6882452825585 232.91930707722088 233.14926330470558 233.37803824509294 0.0 233.83173951538885 234.05651277752781 234.27979878370218 234.50152068573755 234.7216016671998 234.9399650337212 235.15653430483093 235.37123330712393 235.58398626847531 235.79471791307677 236.00335355707728 236.20981920448867 236.41404164317137 236.615948540597 236.81546853905888 237.01253135016617 237.2070678482308 237.39901016228998 237.58829176656718 0.0 0.0 0.0 0.0 0.0 0.0 0.0 0.0 0.0 0.0 0.0 0.0
227.96051220914944 228.19672863960238 228.43314680536133 228.66971159339903 228.9063666167872 229.14305423124995 229.379715554638 229.616290489352 229.8527177477954 230.0889348809476 230.32487831001862 230.5604833613304 230.79568430436504 231.0304143930554 231.2646059102582 231.49819021549018 231.7310977958415 231.9632583200564 232.19460069572617 232.42505312958963 0.0 0.0 0.0 0.0 0.0 0.0 0.0 0.0 0.0 0.0 0.0 235.09427598284066 235.3064341093703 235.51666383200515 235.72489184531997 235.93104543002903 236.1350525447595 236.33684191780182 236.53634313866246 236.73348674904906 236.9282043331213 237.1204286066577 237.31009350496416 0.0 0.0 0.0 0.0 0.0 0.0 0.0 0.0 0.0 0.0 0.0 0.0 0.0
